1 0 0.201885 4.22551e-18 0.00292851 
1 0 0 -2.23286e-18 -0.0210242 
1 0 0 -5.325e-18 -0.11318 
1 0 0 -2.53778e-17 0.110943 
1 0 0 -1.91778e-17 0.0768875 
1 0 0 -8.47902e-18 -0.00437209 
1 0 0 9.13109e-18 0.0695905 
1 0 0 3.86355e-18 0.00950609 
1 0 0 -1.92634e-18 0.10231 
1 0 0 -2.32614e-17 -0.00790074 
1 0 0.104127 2.80266e-18 0.0687134 
1 0 0 -1.70426e-17 -0.109963 
1 0 0 2.72904e-18 0.086114 
1 0 0 0 0.0578551 
1 0 0 1.20053e-17 0.123169 
1 0 0 -1.31042e-17 -0.0261866 
1 0 0 -1.19469e-18 0.04609 
1 0 0 0 0.0703512 
1 0 0.0816259 3.34348e-17 -0.140729 
1 0 0 8.18175e-18 -0.00518569 
1 0 0 1.31058e-17 0.0788245 
1 0 0 6.85851e-18 -0.0166422 
1 0 0 1.50357e-18 0.0529829 
1 0 0 1.20064e-17 -0.0333357 
1 0 0.0335456 7.70267e-18 0.101926 
1 0 0 2.94579e-18 0.0901924 
1 0 0 1.21655e-18 0.0923612 
1 0 0 0 0.00850574 
1 0 0 2.43023e-17 0.045964 
1 0 0 1.02086e-17 0.0541723 
1 0 0 -4.42722e-18 0.0333055 
1 0 0 0 0.0984341 
1 0 0 2.65396e-17 0.0423074 
1 0 0 3.39619e-17 0.086338 
1 0 0 1.63634e-18 0.0401715 
1 0 0 3.43221e-18 -0.0550921 
1 0 0 4.70547e-18 -0.0979065 
1 0 0 -3.4093e-18 0.00908324 
1 0 0 3.17484e-17 -0.128488 
1 0 0 0 0.0247846 
1 0 0.17058 1.72585e-18 0.0499616 
1 0 0 -2.87505e-18 -0.00203432 
1 0 0 -5.71448e-18 -0.0943472 
1 0 0 0 -0.0110943 
1 0 0 -3.26773e-17 -0.0666141 
1 0 0 -1.64268e-17 -0.0156413 
1 0 0 -2.57926e-18 0.0129932 
1 0 0 -1.78053e-17 0.0966737 
1 0 0 1.75913e-17 0.0690189 
1 0 0 8.64789e-18 -0.072349 
1 0 0 -6.54488e-18 0.00912158 
1 0 0 6.91863e-18 0.0509131 
1 0 0 7.55717e-19 0.0581607 
1 0 0 1.1215e-17 -0.15302 
1 0 0 0 -0.0887859 
1 0 0 1.12017e-17 0.137809 
1 0 0 -8.29344e-19 0.0917845 
1 0 0 -3.02738e-18 0.0691681 
1 0 -0.0271133 3.04491e-18 0.128955 
1 0 0 1.90916e-17 0.0400803 
1 0 0 -1.24797e-17 0.0878541 
1 0 0.120773 2.15285e-18 0.0539582 
1 0 0 2.02749e-18 0.067357 
1 0 0 -8.00814e-19 -0.0983663 
1 0 0 5.14343e-18 -0.0254329 
1 0 0 -2.05069e-17 0.0329578 
1 0 0 1.11208e-17 0.0654909 
1 0 0 2.30225e-17 -0.0548518 
1 0 0 0 0.0394604 
1 0 0 2.48329e-18 0.0279356 
1 0 0 1.41095e-17 0.0115665 
1 0 0 7.82695e-18 0.062301 
1 0 0 -2.52389e-18 0.0653524 
1 0 -0.0308849 1.97317e-17 0.0471327 
1 0 0 -2.83457e-18 -0.0775656 
1 0 0 1.65873e-17 -0.0844826 
1 0 0 1.0348e-17 0.0202943 
1 0 0 -4.09598e-18 0.07514 
1 0 0 -1.60369e-18 -0.0713236 
1 0 0 -1.44718e-17 -0.0390958 
1 0 -0.124743 -8.25112e-18 0.0752166 
1 0 0 1.27715e-17 0.0193087 
1 0 0 9.04648e-19 0.126974 
1 0 0 -1.28056e-17 -0.0343046 
1 0 0 -3.77106e-18 0.0832481 
1 0 0 -1.36823e-17 -0.100798 
1 0 0 0 0.0999155 
1 0 0.203996 4.51828e-18 0.131305 
1 0 -0.192033 -1.48543e-17 -0.0254199 
1 0 0 1.15878e-17 0.122642 
1 0 0 -1.36857e-17 0.0299528 
1 0 0 1.51383e-17 0.0908459 
1 0 0 6.81627e-18 -0.0815552 
1 0 0 2.5371e-17 -0.0194696 
1 0 0 -4.81133e-18 -0.103798 
1 0 0 2.29961e-18 0.105147 
1 0 -0.114723 1.61137e-17 0.0563632 
1 0 0 -5.09243e-18 0.10927 
1 0 0 -1.53369e-18 0.065922 
1 0 0 -1.76272e-17 -0.0475515 
1 0 0 -1.07311e-17 -0.123208 
1 0 0 2.01782e-17 0.061726 
1 0 0 1.2298e-18 -0.075266 
1 0 0.100812 -5.77881e-18 0.0334649 
1 0 0 8.37473e-19 -0.141816 
1 0 0 -2.76624e-18 0.01081 
1 0 0 1.16731e-17 -0.0891477 
1 0 0 -1.58146e-17 0.109788 
1 0 0 8.8469e-18 0.0962688 
1 0 0 -8.42387e-18 -0.0067709 
1 0 0 4.16771e-18 -0.0593861 
1 0 0 -6.61183e-18 0.053401 
1 0 0 -1.73349e-17 -0.0242218 
1 0 0 -2.378e-18 -0.0365706 
1 0 0 -2.6381e-18 -0.0680625 
1 0 0 6.96164e-18 -0.0862539 
1 0 0 -2.04298e-17 -0.113824 
1 0 0 8.99038e-18 -0.0799224 
1 0 0 -7.79363e-18 0.0794874 
1 0 0 -7.12004e-18 -0.0529395 
1 0 0 4.02575e-18 0.00616988 
1 0 0 -4.33391e-18 -0.0694881 
1 0 -0.190719 1.8592e-17 0.102336 
1 0 0.185737 5.78139e-18 -0.0266709 
1 0 0 -1.92393e-18 -0.07311 
1 0 0 -8.27139e-18 0.0133611 
1 0 0 -4.78598e-18 0.050677 
1 0 0 5.86988e-18 -0.0270698 
1 0 0 4.12822e-17 0.0765831 
1 0 0 1.34511e-17 0.110406 
1 0 0 1.23716e-17 0.0252636 
1 0 0 -1.80894e-17 -0.02908 
1 0 0 -3.82703e-17 0.139563 
1 0 -0.116342 3.06994e-17 -0.0103387 
1 0 0 9.66865e-18 -0.0748551 
1 0 0 -4.91407e-18 0.0205246 
1 0 0 3.13362e-18 -0.0216854 
1 0 0 -9.1499e-18 0.0927621 
1 0 0 8.66645e-18 0.0949 
1 0 0 6.78604e-19 -0.0754592 
1 0 0 -9.07725e-18 0.0370866 
1 0 0 7.84029e-18 0.0697462 
1 0 0 3.10589e-18 -0.0366513 
1 0 0 1.24718e-17 -0.0723633 
1 0 0 -1.75102e-18 0.0587989 
1 0 0 4.63416e-18 -0.0631524 
1 0 0 1.447e-17 -0.0572007 
1 0 0 1.42258e-17 0.108708 
1 0 0 0 0.0723523 
1 0 0 1.63467e-18 0.034411 
1 0 0 -2.90473e-19 0.106555 
1 0 0 7.72722e-18 -0.0338333 
1 0 0 1.93506e-17 -0.088352 
1 0 0 2.37835e-18 0.0659031 
1 0 0 -8.87442e-18 -0.016886 
1 0 -0.0326587 -3.56564e-18 0.0430177 
1 0 0 -1.36293e-17 -0.0714492 
1 0 0 2.39223e-18 -0.0668378 
1 0 0 -6.1715e-18 -0.0679464 
1 0 0 -6.05833e-19 0.0505457 
1 0 0 -2.61645e-18 0.0222708 
1 0 0 -1.75943e-18 0.0288986 
1 0 0 -7.04493e-18 0.079528 
1 0 0 -1.98007e-17 0.0461362 
1 0 0 1.21137e-17 0.0677642 
1 0 0 -8.10746e-18 -0.0231001 
1 0 0 8.09291e-18 -0.0114258 
1 0 0 6.94304e-18 -0.0555947 
1 0 0 4.50989e-18 0.0800917 
1 0 -0.0603986 2.23617e-17 0.0991461 
1 0 0 -1.64279e-17 -0.0862287 
1 0 0 1.33302e-17 -0.0556546 
1 0 0 7.62964e-18 -0.00173789 
1 0 0 1.356e-17 0.0713445 
1 0 0 -9.18061e-18 -0.0455402 
1 0 -0.0585693 9.23421e-19 0.0721067 
1 0 0 1.54299e-17 -0.0638116 
1 0 0 8.99407e-18 0.0116913 
1 0 0 1.50785e-17 -0.12357 
1 0 0 0 0.0672274 
1 0 0 2.79159e-18 0.0492426 
1 0 0 -8.57405e-19 0.0390142 
1 0 0 -9.4906e-18 0.00971003 
1 0 0 3.6426e-18 0.0246644 
1 0 -0.18096 1.14759e-17 -0.0366572 
1 0 0 1.25915e-17 -0.0736242 
1 0 0 0 0.00996754 
1 0 0 0 -0.086984 
1 0 0 4.20294e-18 -0.00114528 
1 0 0.232366 -2.24274e-17 -0.0676202 
1 0 0 -2.22301e-17 -0.141198 
1 0 0 -7.63766e-18 0.0962425 
1 0 0 1.16887e-17 0.064971 
1 0 0.145877 -1.96479e-17 0.0775086 
1 0 0 -9.07077e-18 0.0367081 
1 0 0 -9.66194e-18 0.00357528 
1 0 0 -1.30926e-17 0.0288571 
1 0 -0.0774237 -2.15021e-18 0.0342582 
1 0 0 1.33714e-17 0.0749769 
1 0 0 -1.82158e-17 0.121178 
1 0 0 2.56035e-17 -0.0581323 
1 0 0.21829 1.13949e-17 -0.042077 
1 0 0 0 0.0680389 
1 0 0 0 -0.0651666 
1 0 0.144868 -2.4879e-17 -0.104201 
1 0 0 -9.27086e-18 0.105359 
1 0 0 2.0839e-17 0.0569754 
1 0 0 1.67173e-18 -0.032915 
1 0 0 1.55477e-17 0.000233752 
1 0 0 -2.50031e-17 0.0329129 
1 0 0 -5.57189e-18 0.0623082 
1 0 0 -1.55156e-17 -0.0796048 
1 0 -0.130132 1.25978e-18 0.0818382 
1 0 0 -4.78963e-18 -0.000229399 
1 0 0 1.53556e-17 -0.0662174 
1 0 0.142943 -1.41028e-17 0.127656 
1 0 0 -1.66598e-17 0.0974137 
1 0 0 -8.75569e-18 0.0210463 
1 0 0 4.66903e-18 -0.0657263 
1 0 0 -8.28355e-21 0.0194733 
1 0 0 4.95085e-18 0.0453724 
1 0 0 3.75251e-18 0.0809954 
1 0 0 -5.06376e-18 0.113668 
1 0 0 -6.26367e-18 0.00315072 
1 0 -0.124237 1.03441e-18 -0.0635405 
1 0 0 1.88045e-17 0.0842245 
1 0 0.159809 -1.1944e-17 0.0359 
1 0 0 2.50009e-18 0.0533077 
1 0 0 8.00422e-18 -0.0544832 
1 0 0 -1.32567e-17 -0.0745075 
1 0 0.160372 3.67848e-18 0.0078301 
1 0 0 1.68095e-17 0.140778 
1 0 0 1.12094e-17 0.0635161 
1 0 0 3.01433e-18 -0.0293467 
1 0 0 7.47868e-18 -0.107528 
1 0 0 -1.7821e-18 0.0606296 
1 0 0 -4.7177e-18 0.0462996 
1 0 0 -1.0849e-17 -0.101313 
1 0 0 -6.79021e-18 0.0638557 
1 0 -0.205894 6.41681e-19 0.139262 
1 0 0 0 -0.0293919 
1 0 0 -1.96457e-17 -0.018335 
1 0 0 6.82667e-18 0.0763466 
1 0 0 6.49653e-18 -0.0250992 
1 0 0 -3.14414e-17 0.0626062 
1 0 -0.0651063 -1.68208e-18 0.123939 
1 0 0 5.16442e-18 0.0976867 
1 0 0 7.51886e-18 0.0691394 
1 0 -0.0465465 7.31697e-18 0.0407082 
1 0 0 2.60266e-18 0.0239703 
1 0 0 1.35058e-17 0.0748908 
1 0 0 1.95604e-17 0.0563372 
1 0 0 0 0.0548695 
1 0 0.129496 -9.57558e-19 -0.0328783 
1 0 0 -2.66953e-17 0.0802719 
1 0 0 1.80616e-17 0.0631577 
1 0 0 0 -0.0561348 
1 0 0 -4.90637e-18 -0.0103183 
1 0 0 1.3638e-17 0.079149 
1 0 0 -7.16173e-18 -0.107865 
1 0 0 -7.80635e-18 -0.0103621 
1 0 0 1.62072e-17 -0.035985 
1 0 0 -5.3955e-18 -0.00749416 
1 0 0 2.82616e-18 -0.00160232 
1 0 0.0267022 -2.26176e-18 0.0259129 
1 0 0 -2.0527e-18 0.117217 
1 0 0 1.98105e-17 0.107293 
1 0 0 2.29002e-17 0.0825773 
1 0 0 -1.55158e-17 0.119324 
1 0 0 -6.08782e-19 -0.077528 
1 0 0 -1.6422e-17 0.00308429 
1 0 0 3.25388e-18 0.0769908 
1 0 0 -5.26543e-19 -0.0027171 
1 0 0 3.19681e-18 -0.0439366 
1 0 0 -1.32081e-17 -0.0103225 
1 0 0 4.70069e-18 0.00720347 
1 0 0 3.29158e-18 0.00343541 
1 0 0 2.19951e-18 0.145265 
1 0 0 4.9254e-18 0.032065 
1 0 0 9.10531e-18 0.054686 
1 0 0 0 -0.11214 
1 0 0 5.17171e-19 -0.0398917 
1 0 0 1.21632e-18 0.0544475 
1 0 0 -4.07655e-18 0.0328077 
1 0 0 -8.48411e-18 0.0544441 
1 0 0 -1.90146e-17 0.0761893 
1 0 0 -9.68476e-19 0.0456399 
1 0 -0.0296762 5.9471e-18 0.00381447 
1 0 0 1.10387e-17 0.0280268 
1 0 0 3.3205e-17 0.0950442 
1 0 0 1.75946e-17 0.132446 
1 0 0 0 -0.141212 
1 0 0 4.98751e-18 0.00866834 
1 0 0 6.95731e-18 0.0195159 
1 0 0 4.60488e-18 0.0118182 
1 0 0 -1.90221e-17 0.0135571 
1 0 0 3.46076e-18 0.0666934 
1 0 0 -9.86095e-18 -0.0967451 
1 0 0 6.83847e-19 0.0042942 
1 0 0 1.90379e-18 -0.0531871 
1 0 0 -1.86245e-18 -0.0444428 
1 0 -0.0531708 -1.19892e-17 -0.0287835 
1 0 0 1.06045e-17 0.0694902 
1 0 0 -8.95671e-18 -0.0680498 
1 0 0 3.01628e-18 0.103734 
1 0 0 2.56617e-17 0.0448598 
1 0 0 4.82997e-18 0.00174815 
1 0 0 2.09699e-18 0.0523179 
1 0 0 2.26975e-18 -0.0893794 
1 0 0 -1.8986e-17 0.0859024 
1 0 0 -7.67026e-18 -0.00285733 
1 0 0 1.07705e-17 0.0826633 
1 0 0 6.19735e-19 0.0255604 
1 0 0.0917926 -6.7862e-18 0.0095001 
1 0 0 -9.23664e-18 0.0448506 
1 0 0 1.15335e-17 0.102678 
1 0 0 5.67379e-18 -0.0021044 
1 0 0 -2.6508e-17 0.083241 
1 0 0 1.10969e-17 -0.0489581 
1 0 0 1.81958e-17 0.105015 
1 0 0.0575549 -5.3662e-18 0.0942503 
1 0 0 -1.26823e-18 0.0863597 
1 0 0 9.3099e-18 -0.0689682 
1 0 0 -1.00347e-17 -0.0991758 
1 0 0 -2.49252e-18 0.108248 
1 0 0 2.7856e-18 -0.0291627 
1 0 0 2.75889e-18 -0.0203279 
1 0 0 -1.58602e-17 -0.0981201 
1 0 0 0 0.0810883 
1 0 0 -2.6347e-17 -0.0280762 
1 0 0 5.46018e-18 -0.0309351 
1 0 0.162281 2.36802e-17 0.0750833 
1 0 0 -9.96332e-18 0.0190971 
1 0 0 0 0.0392141 
1 0 0.174965 -7.62428e-19 0.0123471 
1 0 0 -9.57301e-18 0.0516528 
1 0 0 2.48894e-18 -0.0233534 
1 0 0 1.22875e-17 0.0534522 
1 0 -0.0281755 9.41877e-18 0.042522 
1 0 0 1.15379e-17 0.0241295 
1 0 0 -6.39096e-18 -0.0200076 
1 0 0 -3.68268e-18 -0.0412622 
1 0 0 -2.37762e-18 0.109362 
1 0 0 -2.38373e-17 -0.0847921 
1 0 0 2.93202e-18 -0.0907606 
1 0 0 -8.50594e-18 0.0190189 
1 0 0 3.30765e-18 0.0672067 
1 0 0 2.2094e-18 -0.129744 
1 0 0 3.04531e-17 0.0814056 
1 0 0 -1.31558e-17 -0.09113 
1 0 0 -1.3005e-17 0.129746 
1 0 0 0 0.0827759 
1 0 0 -3.68629e-18 0.0688788 
1 0 0 0 0.0278427 
1 0 0 -3.49482e-18 0.0289611 
1 0 0 -1.50429e-17 -0.0444662 
1 0 0 -7.76432e-18 -0.116236 
1 0 0 5.78973e-18 -0.0636754 
1 0 0 5.60129e-18 0.10536 
1 0 0 1.27673e-17 -0.0540615 
1 0 0 -5.94913e-18 0.0522536 
1 0 0 -3.49995e-18 0.0896771 
1 0 0 0 0.0162338 
1 0 0 9.49426e-18 -0.0649114 
1 0 0 -2.04655e-17 -0.114657 
1 0 0.0710352 1.99751e-17 0.0474154 
1 0 0 1.35661e-17 -0.010395 
1 0 0 4.45153e-18 -0.020333 
1 0 0 1.94774e-17 -0.0785681 
1 0 0 -1.71682e-17 0.113548 
1 0 0 9.02e-18 -0.131805 
1 0 0 5.135e-18 0.012364 
1 0 0 -2.31654e-18 -0.0559382 
1 0 0 -6.7826e-18 -0.0719556 
1 0 0 3.09287e-18 0.115843 
1 0 0 -3.27214e-17 0.0938637 
1 0 0 -1.5745e-17 0.0290541 
1 0 0 3.92336e-18 0.0491559 
1 0 0 1.49654e-18 -0.018321 
1 0 0 4.35564e-18 0.0618825 
1 0 0 7.51991e-18 -0.0225728 
1 0 0 -3.24484e-18 0.0610719 
1 0 0 -2.2592e-18 0.120281 
1 0 0 -4.75061e-18 -0.0219954 
1 0 0 6.55873e-18 0.111806 
1 0 0 5.29741e-18 -0.0147399 
1 0 0 8.83603e-18 -0.0163214 
1 0 0 -1.32826e-17 -0.0120862 
1 0 0 8.58811e-18 -0.00124918 
1 0 0 -6.59313e-18 0.00907568 
1 0 0 -5.58378e-18 0.0728291 
1 0 0 -1.36254e-17 0.0532225 
1 0 0 1.98393e-18 0.0656545 
1 0 -0.211848 5.99712e-18 -0.0725086 
1 0 0 1.41373e-17 0.102476 
1 0 0 1.15579e-17 0.0977454 
1 0 0 2.18499e-18 -0.0748748 
1 0 0.208137 3.46449e-18 -0.00988815 
1 0 0 -5.03571e-18 -0.0634126 
1 0 0 -1.04581e-17 0.0120594 
1 0 -0.139096 1.2502e-17 0.0107984 
1 0 0 4.71872e-18 -0.0212941 
1 0 0 5.55752e-18 0.0546255 
1 0 0 2.40462e-17 0.118561 
1 0 0 -5.56552e-18 -0.0610172 
1 0 0 0 0.0170805 
1 0 0 -2.03974e-18 0.0857628 
1 0 0 3.71944e-17 0.0118569 
1 0 0 -1.55528e-17 -0.0432482 
1 0 0 2.6007e-18 -0.000655694 
1 0 0 3.69289e-18 0.0215205 
1 0 0 1.29117e-17 0.0527408 
1 0 0 6.57559e-18 -0.108255 
1 0 0 0 0.0921205 
1 0 0 6.53899e-18 -0.0160168 
1 0 0 1.3602e-17 0.0790098 
1 0 0 7.83907e-18 0.107809 
1 0 0 -2.99398e-18 -0.0877396 
1 0 -0.00682628 -1.11347e-17 0.0114221 
1 0 0 -4.91374e-18 0.0776971 
1 0 0 -9.86712e-18 0.0496474 
1 0 0 3.23892e-18 -0.016526 
1 0 0 2.92006e-18 0.0455181 
1 0 0 -8.24717e-18 0.109548 
1 0 0 -1.56726e-17 0.043046 
1 0 0 -2.19705e-17 0.0943204 
1 0 0 -1.01059e-17 0.014259 
1 0 0 -8.90824e-20 0.0631146 
1 0 0 4.86306e-18 0.109309 
1 0 0 -2.15699e-17 0.0793805 
1 0 0 2.9842e-18 0.0616658 
1 0 0 0 -0.0054598 
1 0 0 -2.47286e-17 0.0128597 
1 0 0 -1.60854e-17 -0.0157483 
1 0 0 -2.25285e-17 -0.0545387 
1 0 0 -7.08596e-18 0.0300194 
1 0 0 0 0.070622 
1 0 0 1.80796e-17 -0.00157473 
1 0 0 -1.77888e-18 0.0843058 
1 0 0 -3.8809e-18 -0.0753285 
1 0 0 1.02726e-17 -0.00112826 
1 0 0 -1.51517e-17 0.0688281 
1 0 0 2.27893e-17 0.0380061 
1 0 0 -1.65126e-17 0.0128556 
1 0 0 2.46755e-17 -0.013783 
1 0 0 6.27157e-18 0.0640723 
1 0 0 2.43529e-17 0.104414 
1 0 0 -5.63469e-18 -0.0693749 
1 0 0 -2.47186e-17 -0.0283539 
1 0 0 -7.95145e-18 -0.0646264 
1 0 0 -3.39559e-18 0.110304 
1 0 0 1.07451e-17 0.0607276 
1 0 0 -8.00436e-18 -0.135498 
1 0 0 0 0.00391694 
1 0 0 -1.45247e-17 -0.058116 
1 0 0 4.30329e-18 -0.0779274 
1 0 0 2.12529e-17 0.0536428 
1 0 0 7.61378e-18 -0.0652571 
1 0 0 -1.77029e-18 -0.0929121 
1 0 0 -4.82026e-18 0.123613 
1 0 0 -4.64707e-19 -0.0501392 
1 0 0 1.7771e-18 -0.0222527 
1 0 -0.208961 1.96878e-18 0.0696582 
1 0 0 -6.79707e-18 0.0466678 
1 0 0.0581317 2.46384e-17 -0.0489175 
1 0 0 -1.2172e-17 0.0776311 
1 0 0 3.95553e-17 -0.0660126 
1 0 0 9.20109e-18 0.059622 
1 0 0 1.64513e-17 -0.0824828 
1 0 0 -1.98728e-17 0.0778918 
1 0 -0.178753 5.18904e-18 -0.124652 
1 0 0 2.26499e-17 0.0241213 
1 0 0 2.66958e-18 0.126605 
1 0 0 3.97079e-18 -0.10768 
1 0 0 4.71375e-18 0.0978651 
1 0 0 1.67088e-18 -0.0798674 
1 0 0 -1.96057e-17 -0.140284 
1 0 0 1.25692e-17 0.0759089 
1 0 0 6.37291e-18 -0.0235065 
1 0 0.21254 -5.33948e-19 0.0957039 
1 0 0 0 -0.113329 
1 0 0 4.54989e-18 0.0813821 
1 0 0 -4.71778e-19 0.0526249 
1 0 0 7.08691e-18 -0.00958029 
1 0 0 -1.85108e-17 0.047756 
1 0 0 -4.71239e-19 0.116286 
1 0 0.0723684 -1.39934e-17 0.0753243 
1 0 0 -1.45503e-17 0.0789257 
1 0 0 1.45571e-17 0.0974791 
1 0 0 -1.31312e-17 -0.00969167 
1 0 0 1.08093e-17 -0.0401995 
1 0 0 -1.83827e-18 -0.039308 
1 0 0 1.04166e-17 -0.0407368 
1 0 0 2.1202e-17 0.0554862 
1 0 0 1.98044e-17 0.101239 
1 0 0 6.08622e-18 0.0558391 
1 0 0 -5.43571e-18 0.0129807 
1 0 0 -2.3005e-17 0.000951889 
1 0 0 9.51872e-18 0.0266212 
1 0 0 -3.69945e-17 -0.00754526 
1 0 0 -1.3109e-17 0.0604731 
1 0 0 -6.24827e-18 0.0885566 
1 0 -0.152258 5.85699e-18 -0.0179002 
1 0 0 6.92087e-18 0.0389253 
1 0 0 1.79169e-18 0.11646 
1 0 0 -2.43505e-17 0.0657095 
1 0 0 9.94658e-18 0.0837197 
1 0 0 -2.60577e-17 0.0208206 
1 0 0 -1.68353e-18 -0.0661291 
1 0 0 1.93324e-17 -0.0955667 
1 0 0 1.16357e-17 -0.0280549 
1 0 0 -9.02133e-18 0.0490636 
1 0 0 -5.85793e-18 0.00568684 
1 0 -0.083124 -5.52413e-18 -0.103242 
1 0 0 3.26358e-18 -0.0974056 
1 0 0 9.71895e-18 0.0728045 
1 0 0 2.23492e-18 -0.0848919 
1 0 0 6.30528e-18 0.142142 
1 0 0 1.02689e-17 0.0251323 
1 0 0 4.86831e-18 -0.0190004 
1 0 0 3.28838e-17 0.126391 
1 0 -0.120589 2.11857e-18 -0.00116051 
1 0 0 -6.28539e-18 -0.0874281 
1 0 0 1.44703e-17 0.0402244 
1 0 0 2.24841e-18 -0.0181507 
1 0 0 -1.43931e-17 0.128523 
1 0 0 5.20233e-18 0.0644952 
1 0 0 3.24369e-18 -0.0279836 
1 0 0 5.99341e-18 0.0865728 
1 0 0 -1.60531e-17 -0.0259274 
1 0 0 -1.76993e-17 0.136999 
1 0 0 -1.6059e-17 0.129062 
1 0 0 1.50441e-17 0.139946 
1 0 0 8.43093e-18 -0.104562 
1 0 0 0 -0.0484275 
1 0 0 -9.27975e-18 0.0272244 
1 0 0 -1.25492e-17 -0.123725 
1 0 0 -2.7347e-17 0.144447 
1 0 0 1.18225e-17 -0.0471338 
1 0 0 3.9425e-18 -0.115843 
1 0 -0.0702397 2.44083e-17 -0.0405905 
1 0 0 0 0.0719324 
1 0 0 1.2231e-18 0.0516797 
1 0 0 -6.8241e-18 -0.090409 
1 0 0 7.04855e-18 0.10712 
1 0 0 2.15976e-17 0.0846869 
1 0 0 -1.22513e-19 0.115817 
1 0 -0.0249708 -6.31956e-18 0.0410749 
1 0 0 1.34888e-18 0.0724541 
1 0 0 7.35847e-18 0.072445 
1 0 0 -7.66028e-19 0.0509842 
1 0 0 2.44161e-18 -0.0207826 
1 0 0.0419769 5.19755e-18 0.0880424 
1 0 0.197217 1.2107e-17 0.0165878 
1 0 0 8.61396e-18 -0.0791027 
1 0 0 -1.26813e-17 -0.0246767 
1 0 0 7.71692e-18 -0.079365 
1 0 0 1.38557e-17 -0.139394 
1 0 0 7.23464e-18 -0.0740918 
1 0 0 2.60758e-17 0.0799434 
1 0 0 1.08801e-17 0.0542827 
1 0 0 2.26863e-17 -0.0159507 
1 0 -0.205695 -1.27596e-17 0.0706703 
1 0 0 9.09583e-18 -0.0293592 
1 0 0 0 0.0173902 
1 0 0 2.0271e-18 0.0968427 
1 0 0 2.45193e-17 0.0230856 
1 0 0 -2.21003e-18 0.0347945 
1 0 0 9.04567e-18 0.082931 
1 0 0 -1.20986e-17 -0.020258 
1 0 0 1.74679e-17 0.0606595 
1 0 0 -2.62383e-17 -0.0271462 
1 0 -0.173184 -5.69937e-18 -0.100311 
1 0 0 1.45275e-17 0.054163 
1 0 0 -1.6023e-17 0.1448 
1 0 0 5.80922e-18 -0.00866651 
1 0 0 -4.6628e-18 -0.0723907 
1 0 0 -4.71148e-18 0.0602456 
1 0 0 3.25372e-18 0.0357788 
1 0 0 1.88494e-18 -0.0719938 
1 0 0 4.82257e-18 -0.00555462 
1 0 0 -8.93869e-18 0.0936797 
1 0 -0.039985 -6.92809e-18 -0.111035 
1 0 0 -1.94056e-17 0.0951076 
1 0 0 9.88629e-19 0.00399317 
1 0 0 -1.4419e-17 0.0351825 
1 0 0 7.41518e-18 0.0563919 
1 0 0 2.71406e-17 0.0147024 
1 0 0 1.92803e-18 0.116466 
1 0 0 4.02191e-17 0.0669692 
1 0 0 3.32949e-18 -0.12251 
1 0 0 2.54098e-18 0.0263042 
1 0 0 -4.43667e-19 0.099018 
1 0 0 3.33135e-18 0.0446734 
1 0 0 9.76939e-18 0.0907452 
1 0 0 0 0.0343795 
1 0 0 4.14182e-18 -0.0171282 
1 0 0 -4.08491e-18 0.097524 
1 0 0 -1.64348e-17 0.056656 
1 0 0 -9.62993e-18 -0.0497455 
1 0 0 4.51507e-18 0.064676 
1 0 0 2.44317e-17 0.0350997 
1 0 0 5.86369e-18 -0.0333148 
1 0 0 -1.39567e-17 0.104333 
1 0 0 -1.34221e-17 0.0473014 
1 0 0 5.90212e-18 -0.0839153 
1 0 0 0 0.115968 
1 0 0 -4.69521e-18 0.113063 
1 0 0 -1.09241e-17 -0.111348 
1 0 0 2.29524e-17 0.0717727 
1 0 0 -1.13064e-17 0.00799318 
1 0 0 -9.40324e-18 0.0117092 
1 0 0 -2.555e-17 -0.0216944 
1 0 0 6.45744e-18 -0.000792085 
1 0 0 -1.03477e-17 -0.0856291 
1 0 0 3.29956e-17 0.0209037 
1 0 0 -3.65626e-17 0.0672778 
1 0 0 1.84919e-17 -0.00973223 
1 0 0 -3.88341e-18 0.088147 
1 0 0 1.12092e-17 -0.0757148 
1 0 0 1.41039e-17 -0.130113 
1 0 0 -2.83543e-18 -0.0155174 
1 0 0 1.87163e-17 -0.00798097 
1 0 0 -1.50858e-17 -0.127036 
1 0 0 -2.71609e-18 0.0546109 
1 0 0 7.8991e-18 -0.0987135 
1 0 0 1.81574e-17 -0.0422686 
1 0 0 1.90833e-18 0.0628339 
1 0 -0.0651487 -6.61108e-18 -0.0368372 
1 0 0 -1.12031e-18 0.0552947 
1 0 0 -5.00959e-18 0.0179592 
1 0 0 -1.83313e-17 -0.0704501 
1 0 0 -1.07408e-17 0.0643347 
1 0 0 2.52675e-17 -0.0134139 
1 0 0 3.32431e-18 0.0914561 
1 0 0 1.96135e-18 -0.0381044 
1 0 0 8.44377e-18 0.071115 
1 0 0.0725006 -6.58127e-18 -0.0735963 
1 0 0.0158715 -1.18979e-17 -0.124991 
1 0 0 1.4997e-17 0.0514839 
1 0 0 -6.77717e-18 0.0884999 
1 0 0 8.23476e-19 -0.0981523 
1 0 0.164305 -3.16697e-17 -0.0427319 
1 0 0 -1.05929e-18 0.0161668 
1 0 0 -2.60565e-18 -0.0498625 
1 0 0 -2.99402e-17 0.01585 
1 0 0 3.89396e-18 0.0423951 
1 0 0 -1.80925e-18 0.0898268 
1 0 -0.153342 4.95366e-18 0.0475554 
1 0 0 1.70456e-17 0.0536684 
1 0 0 -2.55307e-18 0.0558206 
1 0 0 -4.31285e-18 0.0284565 
1 0 0 -1.86465e-18 -0.0363674 
1 0 0 -3.15076e-18 -0.0768938 
1 0 0 -1.43396e-17 0.0487497 
1 0 0 2.02837e-17 0.104634 
1 0 0 5.89369e-18 0.0792338 
1 0 0 1.90693e-18 0.0851871 
1 0 0.230865 -2.26574e-17 0.128987 
1 0 0.00774607 -1.74982e-18 5.72887e-05 
1 0 0.093092 -5.22629e-19 0.0813992 
1 0 0 0 0.00288126 
1 0 -0.152844 3.03265e-19 -0.108799 
1 0 0 -2.94348e-19 0.0495139 
1 0 0 -3.6363e-18 0.0631864 
1 0 0 -2.0281e-17 0.00834146 
1 0 0 2.76472e-18 -0.0138231 
1 0 0 5.40446e-18 0.0968165 
1 0 0 2.24872e-18 -0.102325 
1 0 0 -1.03797e-17 -0.0833537 
1 0 0 -1.23557e-17 0.142389 
1 0 -0.169323 -2.39201e-17 -0.0680794 
1 0 0 2.13176e-17 0.027244 
1 0 0 1.31019e-17 0.0194912 
1 0 0 9.15639e-19 0.0830174 
1 0 0 9.22509e-18 -0.0333741 
1 0 0 1.16069e-17 -0.0330462 
1 0 0 8.51352e-18 0.0151829 
1 0 0 7.85276e-19 0.0598018 
1 0 0 0 0.104245 
1 0 0 1.34514e-17 -0.0455544 
1 0 0 5.30531e-18 -0.0171745 
1 0 0 1.05524e-17 0.0268266 
1 0 0 1.48561e-17 -0.0243627 
1 0 0 1.12445e-17 0.117667 
1 0 0 -1.11247e-17 0.0382731 
1 0 0 1.45132e-18 0.0323019 
1 0 0.0477127 -1.77643e-17 0.0882263 
1 0 0 0 0.0845707 
1 0 -0.0453388 8.67782e-18 -0.0277721 
1 0 0 1.23323e-17 0.0373201 
1 0 0 -7.58008e-18 0.0271338 
1 0 0 1.74424e-17 -0.0403083 
1 0 0 2.05647e-17 0.113876 
1 0 0 1.69004e-17 0.0904073 
1 0 0 3.45219e-18 0.0400292 
1 0 0 1.09366e-17 0.0133657 
1 0 0 -3.73391e-18 0.0736709 
1 0 0 -9.17954e-18 -0.0674134 
1 0 0 1.6766e-17 0.0350972 
1 0 0 0 0.0770548 
1 0 0.0726077 1.59108e-17 -0.00339905 
1 0 0 1.04013e-17 0.109235 
1 0 0 -2.39853e-17 0.10652 
1 0 0 -2.29674e-18 -0.0997321 
1 0 0 1.34912e-17 -0.0093552 
1 0 0 5.84156e-18 0.0612863 
1 0 0 -9.29752e-18 0.043527 
1 0 0 1.04225e-17 -0.0119662 
1 0 0 1.55706e-17 -0.109525 
1 0 0 3.72866e-18 -0.11243 
1 0 0 6.68983e-18 0.0383421 
1 0 0 2.94539e-18 0.096457 
1 0 -0.215365 -2.76294e-18 -0.0657969 
1 0 0 -1.78534e-17 0.0411533 
1 0 0 -2.79061e-18 0.0456841 
1 0 0 9.66818e-18 -0.0757504 
1 0 0 8.90679e-18 0.153193 
1 0 0 2.13093e-18 0.00400613 
1 0 0 -2.48473e-17 0.00555712 
1 0 0 -8.12767e-18 -0.0509592 
1 0 0 4.7118e-18 0.133304 
1 0 0.065993 -3.0401e-18 0.0666113 
1 0 0 4.13118e-18 -0.0476507 
1 0 0 3.70787e-18 0.0559961 
1 0 0 -1.78479e-18 -0.00717406 
1 0 0 6.88318e-18 0.038949 
1 0 0 -3.9189e-18 0.0080766 
1 0 0 0 0.0226531 
1 0 -0.172465 -1.73617e-17 -0.0973483 
1 0 0 9.02428e-19 -0.0123144 
1 0 0 1.70672e-18 -0.0263698 
1 0 0 2.6223e-17 0.0117622 
1 0 0 1.62823e-17 -0.0577838 
1 0 -0.095163 -1.22362e-17 0.121841 
1 0 0 5.89547e-18 0.062331 
1 0 0 -1.00926e-17 -0.00309199 
1 0 0 7.62626e-18 0.0906558 
1 0 0 2.8447e-18 -0.0509936 
1 0 0 -2.47255e-18 0.0322019 
1 0 0 2.05268e-18 0.0919879 
1 0 0 -1.3134e-17 -0.0586709 
1 0 0 1.36766e-17 -0.132075 
1 0 0 4.31469e-18 0.106914 
1 0 0 -4.24838e-18 -0.0364993 
1 0 0 -8.41485e-18 -0.109617 
1 0 0 4.74463e-18 0.0142164 
1 0 0 -2.44444e-19 0.0326702 
1 0 0 -3.1921e-18 0.115822 
1 0 0.0119476 1.08363e-17 0.103683 
1 0 -0.101964 -6.16172e-18 0.053477 
1 0 0 9.63498e-18 0.116128 
1 0 0 0 -0.00369091 
1 0 0 -7.42524e-18 0.0164286 
1 0 0 1.27008e-17 0.0588858 
1 0 0 2.5435e-17 -0.0230536 
1 0 0 3.87198e-17 -0.0012178 
1 0 0 1.98907e-17 0.0665167 
1 0 0 1.35398e-17 -0.0108652 
1 0 0 -7.02616e-18 -0.033008 
1 0 0 -1.14246e-17 0.0764675 
1 0 0 1.68984e-17 -0.0756654 
1 0 0 1.27043e-17 0.0799682 
1 0 0.0257443 2.2188e-17 0.0424835 
1 0 0 4.73594e-18 -0.061558 
1 0 0 2.49529e-17 0.0441708 
1 0 0 -9.35562e-18 -0.0172139 
1 0 0 3.44128e-18 -0.0644177 
1 0 0 -2.0938e-17 0.0758395 
1 0 -0.204061 -1.32496e-17 -0.0210934 
1 0 0 8.26368e-18 -0.0148126 
1 0 0 -7.80755e-18 0.0361101 
1 0 0 -3.64148e-18 0.102242 
1 0 0 -1.27301e-18 -0.00600883 
1 0 0 -3.02331e-17 0.097347 
1 0 0 4.73642e-18 -0.107413 
1 0 0 2.53682e-17 0.0320024 
1 0 0 0 0.135374 
1 0 0 -2.2704e-17 -0.0772822 
1 0 0 -1.19989e-17 0.0617844 
1 0 0 -1.21601e-18 -0.129223 
1 0 0 -4.23027e-18 0.0480734 
1 0 0 -4.60398e-19 -0.10852 
1 0 0 2.3487e-19 -0.0610794 
1 0 0 1.27639e-17 0.0599923 
1 0 0 -5.85477e-18 -0.0127017 
1 0 0 7.85727e-18 -0.0984749 
1 0 0 -1.55118e-17 0.0863304 
1 0 0 -9.16198e-18 0.0237739 
1 0 -0.0493913 4.01364e-18 0.0445266 
1 0 0 6.03237e-18 0.0712499 
1 0 0 2.76798e-18 0.114018 
1 0 0 9.86816e-18 0.0232386 
1 0 0 2.75182e-18 0.0854596 
1 0 0 8.03942e-18 0.00655864 
1 0 0 2.14198e-18 -0.0561443 
1 0 0 1.32637e-18 0.0517277 
1 0 0 0 -0.0127561 
1 0 0 2.00046e-18 -0.0595721 
1 0 0 0 -0.137372 
1 0 0 1.69401e-17 0.086108 
1 0 0 -1.9854e-18 -0.0627272 
1 0 0 1.93508e-17 0.127589 
1 0 -0.129738 3.90659e-18 0.0572986 
1 0 0 -2.28565e-17 0.0920419 
1 0 0 9.89797e-18 0.0709399 
1 0 -0.148681 5.47323e-18 0.0379425 
1 0 0 -1.51905e-17 0.00745757 
1 0 0 7.09364e-18 0.094667 
1 0 0 -1.02114e-17 -0.0860811 
1 0 0 -3.45811e-18 0.0926902 
1 0 0 -4.39445e-18 0.0102268 
1 0 0 -1.02489e-17 0.0331485 
1 0 0 2.06722e-18 0.103688 
1 0 0 -1.20862e-17 0.0563337 
1 0 0 -6.65387e-18 -0.00127191 
1 0 0 0 -0.133992 
1 0 0 -3.29968e-19 0.079384 
1 0 0 2.71328e-18 0.110176 
1 0 0 1.35063e-17 0.114317 
1 0 0.198661 -5.89761e-19 0.0392565 
1 0 0 1.43039e-17 0.0799286 
1 0 0.174557 -2.02239e-17 0.0909642 
1 0 0 -1.71225e-17 0.0328323 
1 0 0 -1.10294e-17 0.0728896 
1 0 0 -9.45669e-18 -0.0247284 
1 0 0 -8.1836e-18 0.125702 
1 0 0 -3.92017e-19 -0.140653 
1 0 0 -4.23194e-18 -0.0461657 
1 0 0 -1.56613e-17 0.061911 
1 0 0 -8.46333e-18 0.0775818 
1 0 0 4.48445e-18 0.119079 
1 0 0 -2.63968e-18 -0.0327051 
1 0 0 -2.72716e-17 -0.137851 
1 0 0.100943 1.02948e-17 -0.118424 
1 0 0 0 -0.0773711 
1 0 0 -1.30938e-17 -0.106962 
1 0 -0.173278 2.88356e-17 0.0359716 
1 0 -0.154265 -5.38447e-18 0.00785949 
1 0 0 -8.79933e-18 -0.0335437 
1 0 0 7.60392e-19 0.126295 
1 0 0 5.00247e-18 -0.0619098 
1 0 0 -3.60242e-18 -0.0990522 
1 0 0 5.28043e-18 0.129825 
1 0 0 0 0.0594085 
1 0 0 -1.42016e-17 0.0584781 
1 0 0 1.02136e-17 0.120376 
1 0 0 -1.86896e-17 -0.027198 
1 0 0 1.46047e-17 0.00976426 
1 0 0 0 0.11985 
1 0 0 -2.1283e-18 0.119756 
1 0 0 4.2222e-18 0.0396945 
1 0 0 9.34043e-18 0.0182935 
1 0 -0.216628 -3.1061e-18 -0.0124152 
1 0 0 2.78708e-18 0.0783441 
1 0 0 -1.61768e-17 -0.0937478 
1 0 0 -3.27115e-18 0.0752983 
1 0 0 -1.81818e-17 0.0941697 
1 0 0 5.04685e-18 0.0618494 
1 0 -0.0555031 -5.19157e-18 0.107385 
1 0 0 -4.99319e-18 -0.0764368 
1 0 0 -1.16682e-17 0.130621 
1 0 0 0 0.0614608 
1 0 0 1.4823e-18 0.0578543 
1 0 0 0 0.0277741 
1 0 0 -1.47439e-17 0.0725653 
1 0 0 -1.3247e-17 -0.0213889 
1 0 0 -3.41866e-18 0.0818044 
1 0 0 -2.63801e-17 -0.0480036 
1 0 0 -1.19543e-17 0.00644486 
1 0 0 1.58315e-18 -0.0102689 
1 0 0 -2.12954e-17 -0.0147802 
1 0 0 -2.70439e-18 0.0486022 
1 0 0 -4.97033e-18 0.0542361 
1 0 0 -9.45008e-18 0.042425 
1 0 0 0 -0.0250214 
1 0 0 -1.97533e-17 0.0731448 
1 0 0 1.10447e-17 0.0796159 
1 0 0 1.87133e-17 0.0743526 
1 0 0 1.93778e-17 0.121672 
1 0 0 0 0.0387017 
1 0 0 -2.06754e-17 0.0285387 
1 0 0 2.5032e-18 0.0894326 
1 0 0 -4.61489e-18 -0.0359014 
1 0 0 -6.39302e-18 0.0516574 
1 0 0 1.49722e-17 -0.0402331 
1 0 0 0 0.0893329 
1 0 0 -2.13396e-17 0.093682 
1 0 0 1.97406e-17 -0.0303562 
1 0 0 1.77212e-18 0.0444429 
1 0 0 1.4873e-18 0.101693 
1 0 0 2.93752e-17 -0.0235124 
1 0 0 -1.989e-17 -0.118505 
1 0 0 -4.67446e-18 0.0987033 
1 0 0 4.683e-18 0.0451981 
1 0 0 -1.86303e-17 0.0584079 
1 0 0 1.63814e-17 0.139606 
1 0 0 -7.50879e-18 -0.0490672 
1 0 0 -1.90349e-17 0.113244 
1 0 0 -1.89474e-18 -0.0691789 
1 0 0 7.39934e-18 0.0628334 
1 0 0 1.84125e-19 -0.097611 
1 0 0 -1.93868e-17 -0.0576165 
1 0 0 -9.19422e-18 -0.126614 
1 0 0 -1.7095e-17 0.0338878 
1 0 0 -1.64642e-17 0.0430361 
1 0 0 3.11754e-17 -0.0465879 
1 0 0 -6.39691e-19 0.0852393 
1 0 0 1.38388e-17 0.0733329 
1 0 0 2.46503e-17 0.0334053 
1 0 0 -5.91989e-18 0.087008 
1 0 0 -1.47111e-17 0.0775819 
1 0 0 -2.90469e-18 0.0645846 
1 0 0 -8.53138e-18 0.0480605 
1 0 0 -7.03944e-18 -0.0744321 
1 0 0.232428 5.07238e-18 -0.00564952 
1 0 0 -1.40844e-18 -0.0989194 
1 0 0 9.44594e-18 0.0550244 
1 0 0 -1.05532e-17 0.0556677 
1 0 0 -1.9741e-17 -0.104447 
1 0 0 -9.91571e-18 0.119325 
1 0 0 3.1743e-17 0.124725 
1 0 0 2.0745e-17 0.00742418 
1 0 0 -3.7422e-18 -0.106414 
1 0 0 0 0.134944 
1 0 0 2.29234e-17 -0.0288565 
1 0 0 3.56258e-17 -0.0696733 
1 0 0 -6.11944e-18 -0.0503506 
1 0 0 2.32717e-17 0.0894615 
1 0 0 1.65041e-17 0.110019 
1 0 0 -7.03163e-18 0.0420027 
1 0 0 0 -0.0359162 
1 0 0 2.20808e-17 0.0494662 
1 0 0 -5.52039e-19 -0.0117858 
1 0 0 -1.22172e-17 0.0280687 
1 0 0 -2.72594e-17 -0.133599 
1 0 0 -3.75568e-18 -0.00949027 
1 0 0 -1.79858e-17 0.115764 
1 0 0 8.48109e-18 -0.0887472 
1 0 0 -1.81465e-18 0.0477304 
1 0 0 -2.17593e-17 0.0907423 
1 0 0 5.07667e-18 0.0151384 
1 0 0 -2.66203e-19 0.0844579 
1 0 0 3.01075e-17 -0.0496508 
1 0 0 -2.39205e-18 0.059954 
1 0 0 -4.50071e-18 0.0534904 
1 0 0 7.34054e-19 0.0174602 
1 0 0 4.78529e-18 0.0263703 
1 0 0 2.88924e-17 0.0290154 
1 0 0 -9.14807e-18 0.101747 
1 0 0 -4.61449e-18 0.0628563 
1 0 0 6.98641e-18 0.0809379 
1 0 0 1.96488e-17 -0.040714 
1 0 0.0858342 5.84374e-18 0.06739 
1 0 0 3.58085e-17 -0.13391 
1 0 0 0 -0.0114349 
1 0 0 1.34846e-17 -0.0703836 
1 0 0 1.14118e-17 0.0987267 
1 0 0 1.64769e-18 0.00348109 
1 0 0 1.26535e-17 -0.0965872 
1 0 0 1.16625e-18 -0.0909293 
1 0 0 -9.51575e-18 0.0271765 
1 0 0 2.149e-17 0.131396 
1 0 0 2.11516e-18 -0.0291747 
1 0 0 1.1321e-17 0.0516235 
1 0 0 -2.29594e-17 -0.0361815 
1 0 0 0 0.107394 
1 0 0.0987863 -7.79953e-18 0.0780558 
1 0 0 0 0.0304937 
1 0 0 2.26553e-18 0.062559 
1 0 0 1.53523e-18 -0.0385957 
1 0 0.0870356 1.1558e-17 0.0654476 
1 0 0 2.84852e-17 0.0137899 
1 0 0 8.27493e-18 0.12966 
1 0 0 7.80342e-18 0.011762 
1 0 0 -3.3597e-17 -0.122445 
1 0 0 -9.85269e-18 -0.0227885 
1 0 0 -4.92581e-18 -0.0754762 
1 0 0 5.88112e-18 -0.00514583 
1 0 0.228069 0 -0.0426868 
1 0 0 5.12076e-18 0.0916691 
1 0 0.0557112 6.48729e-18 0.0600865 
1 0 0 7.25581e-18 -0.155109 
1 0 0 -2.30738e-17 0.0577503 
1 0 0 2.31714e-17 -0.0461992 
1 0 0 1.5248e-17 -0.0746541 
1 0 0 -1.47524e-17 0.0173717 
1 0 0 0 0.123708 
1 0 0 -2.27758e-17 0.0390476 
1 0 0 -1.83624e-17 0.101314 
1 0 0 2.0124e-17 0.0984662 
1 0 0 -2.02504e-18 0.0154216 
1 0 -0.0304998 -1.28319e-17 -0.0551599 
1 0 0 4.65853e-18 0.0936923 
1 0 0 4.82897e-18 -0.0565677 
1 0 0 4.63835e-18 -0.0894644 
1 0 0 3.27022e-17 0.141993 
1 0 0 7.4388e-18 0.0186387 
1 0 0 1.11614e-18 0.103779 
1 0 -0.205674 -1.00139e-17 0.0542552 
1 0 0 6.56159e-18 -0.0629968 
1 0 0 5.65782e-18 -0.0340729 
1 0 0 7.46117e-18 -0.00829515 
1 0 0 -7.99709e-18 -0.0668062 
1 0 0 -1.05734e-17 0.127783 
1 0 0 -3.30093e-18 0.0770505 
1 0 -0.0986386 0 -0.0560002 
1 0 0 1.51299e-17 0.0370492 
1 0 0 -7.48349e-18 -0.132569 
1 0 0 1.02038e-17 0.0379308 
1 0 0 -1.90793e-17 -0.0508185 
1 0 0 -1.42272e-17 0.0520647 
1 0 0 -1.32647e-17 0.0970524 
1 0 0 -9.56129e-18 0.0757148 
1 0 0 -6.74354e-18 0.0937849 
1 0 0 9.78623e-18 -0.0370282 
1 0 0 -2.38767e-17 0.0969676 
1 0 0 -1.4241e-17 0.0435758 
1 0 0 1.27561e-17 -0.0600009 
1 0 0 2.00052e-18 -0.0323148 
1 0 0 -3.21162e-18 0.0541523 
1 0 -0.059621 -1.97547e-17 -0.0349705 
1 0 0.192818 8.09055e-18 0.0685502 
1 0 0.0104032 -8.10623e-18 -0.0595937 
1 0 0 1.96013e-17 0.138296 
1 0 0 -3.05873e-17 0.0554008 
1 0 0 4.74196e-18 0.101369 
1 0 0 -1.59517e-17 -0.077586 
1 0 0 -8.97047e-18 0.0495067 
1 0 0 1.08612e-17 0.126481 
1 0 0 -9.0387e-18 -0.00340924 
1 0 0 2.47996e-17 -0.0320748 
1 0 0 7.23501e-18 0.0961008 
1 0 0 7.42563e-18 -0.0407176 
1 0 0 -1.5511e-17 0.0621992 
1 0 0 -9.61536e-18 -0.0780999 
1 0 0 3.74011e-18 -0.0945868 
1 0 0 1.03865e-17 0.0324544 
1 0 0 1.17311e-17 -0.0319977 
1 0 0 9.82989e-18 0.158328 
1 0 0 -2.10838e-18 -0.0317032 
1 0 0 -9.59091e-18 0.0243049 
1 0 0 0 0.0210815 
1 0 0 -2.95951e-18 0.0552401 
1 0 0 1.35628e-17 -0.00862954 
1 0 0 1.90472e-19 0.0285499 
1 0 0 2.50817e-18 0.0870207 
1 0 0 9.22718e-18 -0.0446246 
1 0 0.0804831 2.87201e-18 -0.0119524 
1 0 0 -1.04374e-17 -0.0541953 
1 0 0 -1.21824e-17 0.0855704 
1 0 0 0 -0.0390523 
1 0 0 1.06705e-17 0.0881831 
1 0 0 -2.02714e-17 0.0540232 
1 0 0 -5.55842e-18 0.0197376 
1 0 0 3.27021e-18 0.00512633 
1 0 0 2.11335e-18 0.108776 
1 0 0 -1.06013e-17 0.02052 
1 0 0 -1.12282e-18 -0.0373999 
1 0 0 -8.97548e-18 0.0622547 
1 0 0.0885622 4.2824e-18 0.091549 
1 0 0 1.76809e-17 0.0693118 
1 0 0 -1.47821e-17 -0.00184548 
1 0 0 0 -0.0431811 
1 0 0 -4.79101e-18 -0.0959675 
1 0 0 -7.31282e-18 -0.0429118 
1 0 0 3.19893e-17 -0.0159773 
1 0 0 -2.06525e-17 0.0308066 
1 0 0 1.17536e-19 -0.0826524 
1 0 -0.218696 1.44826e-17 0.078349 
1 0 0 -2.36399e-17 0.110251 
1 0 0 -2.82053e-17 0.132915 
1 0 0 -3.98669e-18 -0.0815655 
1 0 0 -2.02968e-17 -0.00916136 
1 0 0 1.06063e-17 -0.04374 
1 0 0 -6.19127e-18 0.0328423 
1 0 0 -2.52461e-18 0.0320716 
1 0 0 -7.02065e-18 -0.0243169 
1 0 0.173813 -3.43355e-18 -0.0688316 
1 0 0 -2.55629e-18 0.0652788 
1 0 0 1.04093e-17 0.0062125 
1 0 0 -1.61822e-18 0.110766 
1 0 0 -4.75188e-18 0.0357171 
1 0 0 0 -0.0841031 
1 0 -0.0786672 5.04132e-18 0.017454 
1 0 0 -2.59944e-17 -0.0615289 
1 0 0 1.72369e-17 0.0922259 
1 0 0 -1.61641e-17 -0.0226102 
1 0 0 9.94653e-18 -0.0240806 
1 0 0 1.4233e-17 0.116422 
1 0 0 2.06099e-17 0.122365 
1 0 0 2.11965e-17 -0.0532454 
1 0 0 -1.64356e-17 0.0175858 
1 0 0 -1.97524e-17 0.0683129 
1 0 0 -1.49134e-18 -0.0478919 
1 0 0 7.17129e-19 0.0957925 
1 0 0 3.56779e-18 0.0690263 
1 0 0 -5.72931e-18 -0.0290909 
1 0 0 -8.01751e-18 -0.091497 
1 0 0 -2.03459e-17 0.0199812 
1 0 0.0740222 -4.1648e-18 -0.0663928 
1 0 0 -1.28924e-18 0.0609239 
1 0 0 -1.20774e-17 0.0217441 
1 0 0 -3.40439e-18 0.132228 
1 0 0 -3.87983e-18 0.0851376 
1 0 0 1.17312e-18 -0.0538534 
1 0 -0.158754 5.93168e-18 0.128426 
1 0 0 1.99335e-17 0.0372946 
1 0 0 0 0.0874829 
1 0 0 0 0.0274338 
1 0 0 1.49618e-17 -0.0127905 
1 0 0 -5.81395e-18 -0.131094 
1 0 -0.221424 2.21881e-18 0.0171862 
1 0 0 -8.38929e-18 0.00127734 
1 0 0.0491795 -3.30067e-18 0.0892006 
1 0 0 -2.26391e-17 -0.0405518 
1 0 0 -1.84083e-18 -0.0567194 
1 0 0 -2.79097e-18 0.0291245 
1 0 0 0 0.116721 
1 0 0 1.4343e-17 0.040814 
1 0 0 -1.13828e-17 0.0876059 
1 0 0 5.33722e-18 0.0270881 
1 0 0 2.99319e-18 0.102861 
1 0 0 -2.41458e-17 -0.0343594 
1 0 0 9.35889e-18 -0.0656992 
1 0 0.142305 -1.366e-17 0.0204559 
1 0 0 9.42845e-18 -0.0606794 
1 0 0 -2.30825e-18 0.120056 
1 0 0 -4.114e-18 0.00716606 
1 0 0 8.40801e-18 0.0748306 
1 0 0 -1.6404e-18 0.0694733 
1 0 0 2.71262e-17 0.0568705 
1 0 0 1.82756e-17 -0.118831 
1 0 0 1.95966e-17 -0.099388 
1 0 0 1.56445e-18 -0.0877161 
1 0 0 3.056e-18 -0.109293 
1 0 0 1.82966e-17 0.117649 
1 0 0 -5.35567e-18 0.0556302 
1 0 0 3.28485e-17 0.101017 
1 0 0 1.25965e-17 0.107843 
1 0 0 -7.37294e-18 0.129806 
1 0 0 2.23256e-17 0.110165 
1 0 0 9.06239e-18 0.0817338 
1 0 0 6.81369e-18 0.0634122 
1 0 0 -9.81284e-18 0.0770496 
1 0 0 0 -0.0575685 
1 0 0 5.17815e-18 0.0306741 
1 0 0 -1.09225e-17 -0.12393 
1 0 0 -2.20571e-17 -0.086438 
1 0 0 0 -0.020069 
1 0 0 6.98378e-19 -0.107019 
1 0 0 -1.85655e-17 -0.06109 
1 0 0 3.23893e-18 0.0540183 
1 0 0 -6.3555e-18 0.00366912 
1 0 0 4.61693e-18 0.0315035 
1 0 0 -1.17899e-17 0.111221 
1 0 0 1.138e-17 -0.094959 
1 0 0 -6.47678e-18 0.07244 
1 0 0 1.17985e-17 -0.112464 
1 0 0.140433 0 0.0336802 
1 0 0.094934 -2.38601e-18 0.0637608 
1 0 0 -2.31776e-17 0.0140546 
1 0 0 -1.54299e-17 0.0389392 
1 0 0 4.57664e-18 -0.00207348 
1 0 0 -2.75278e-17 -0.0950305 
1 0 0.220819 0 0.0580179 
1 0 0 7.83134e-18 -0.0998634 
1 0 0 4.1487e-18 -0.00847977 
1 0 0 -5.32114e-18 -0.103811 
1 0 0 -7.58474e-18 0.0983784 
1 0 0 -1.63009e-17 0.0216229 
1 0 0 -2.55285e-17 -0.0770184 
1 0 0 -2.39326e-18 0.00648199 
1 0 0 1.03073e-17 -0.0725742 
1 0 0 1.00946e-17 0.0790101 
1 0 0 6.93606e-18 0.0501447 
1 0 0 -1.18691e-17 0.0545443 
1 0 0 8.72952e-18 0.0695406 
1 0 0 -7.11431e-18 0.137178 
1 0 0.187495 2.96996e-17 0.0484015 
1 0 0 -4.24741e-18 -0.0801991 
1 0 0 -2.58658e-17 0.0754385 
1 0 0 0 -0.0778207 
1 0 0.0970517 -1.30039e-18 0.0319768 
1 0 0 1.24741e-17 -0.121959 
1 0 0 -3.1463e-18 0.0379406 
1 0 0 5.81196e-18 -0.00258421 
1 0 0 6.86328e-18 0.00979506 
1 0 0 -1.11643e-17 0.116089 
1 0 0 1.51955e-18 -0.0462289 
1 0 0 1.41984e-18 0.046026 
1 0 0 9.8462e-18 -0.0710521 
1 0 0 -3.34641e-18 -0.122471 
1 0 0 -3.15792e-17 0.0229546 
1 0 0 -4.61407e-18 0.0968235 
1 0 0 1.95786e-17 0.00938747 
1 0 0.0729497 -6.51395e-18 -0.000119202 
1 0 0 -1.80653e-17 -0.00283232 
1 0 0 -3.96189e-18 0.1047 
1 0 0 2.34995e-17 0.00867421 
1 0 0 -3.08255e-17 0.11105 
1 0 0 -1.09611e-17 -0.0433141 
1 0 0 -2.68897e-18 0.0276393 
1 0 0 -1.52583e-17 -0.0783527 
1 0 0.0925986 6.13586e-18 0.0948872 
1 0 0 -3.81206e-17 0.117633 
1 0 0 5.76714e-18 0.0846733 
1 0 0 -1.72056e-17 0.052062 
1 0 0 -9.94855e-18 0.108371 
1 0 -0.0796155 -5.13516e-18 -0.0482013 
1 0 0 1.61037e-17 -0.0319827 
1 0 0 1.13662e-17 -0.0146459 
1 0 0 -5.52655e-18 -0.0303854 
1 0 0 -1.0541e-17 0.109864 
1 0 0 -1.75222e-17 0.102585 
1 0 0 -5.65389e-18 -0.0368926 
1 0 0 6.83568e-18 0.0655118 
1 0 0 1.38214e-17 0.0875472 
1 0 0 3.24394e-17 0.0248274 
1 0 0 -1.94834e-17 -0.0186197 
1 0 -0.187904 2.07628e-18 0.0279163 
1 0 0 3.67571e-18 -0.103167 
1 0 0 -8.72145e-18 0.090211 
1 0 0 1.52789e-18 0.0722367 
1 0 0 1.13524e-17 -0.0472097 
1 0 0 3.46984e-18 -0.0302508 
1 0 0 -1.85092e-17 0.0593452 
1 0 0 3.59477e-17 0.043588 
1 0 0 1.58317e-17 0.0569355 
1 0 0 -7.97383e-18 -0.119112 
1 0 0 0 0.0897069 
1 0 0 2.38864e-17 0.0278351 
1 0 0 -2.15183e-17 -0.04805 
1 0 0 5.66567e-18 0.0218485 
1 0 0 -1.90295e-17 -0.0847496 
1 0 0 7.7559e-18 0.0558097 
1 0 0 5.57239e-18 -0.0687169 
1 0 0 1.8304e-18 0.107067 
1 0 0 5.96685e-18 -0.0828261 
1 0 0 9.42674e-18 -0.0614753 
1 0 0 -7.8626e-18 0.0341348 
1 0 0 5.92864e-18 0.0635217 
1 0 0 -5.10967e-18 0.0556229 
1 0 0 2.62579e-18 0.00303081 
1 0 0 4.5102e-18 -0.103495 
1 0 0 2.96673e-17 0.0808958 
1 0 0 4.00237e-18 0.091881 
1 0 0 0 0.108811 
1 0 0 2.49297e-18 0.0525878 
1 0 0 -2.10985e-17 0.0759893 
1 0 0 2.57822e-17 0.112186 
1 0 0 2.13928e-17 0.0170482 
1 0 0 1.45851e-17 0.0948689 
1 0 0 -7.29219e-19 0.0260784 
1 0 0 -1.00898e-17 -0.0348029 
1 0 0 -8.24699e-18 0.0631207 
1 0 0 -2.97121e-17 -0.0197426 
1 0 0 3.4462e-18 0.0920666 
1 0 0 -5.60907e-18 -0.0377255 
1 0 0 -3.05394e-17 0.0125897 
1 0 0 -2.33296e-17 0.0224129 
1 0 0 -8.53989e-18 0.0741617 
1 0 0 1.26812e-18 -0.067076 
1 0 0 5.48751e-18 0.033105 
1 0 0 -1.43684e-17 -0.0120456 
1 0 0 -5.91837e-18 -0.0176416 
1 0 0 -4.00521e-18 0.032313 
1 0 0 1.18201e-17 0.0527565 
1 0 0 4.27653e-18 0.0045067 
1 0 0 1.10989e-17 0.0904551 
1 0 0 3.12986e-18 0.0565181 
1 0 0 1.66551e-17 0.0865098 
1 0 0 1.49575e-17 -0.111115 
1 0 0 5.80556e-18 -0.0656738 
1 0 0 -1.34569e-18 0.128898 
1 0 0 0 -0.0536295 
1 0 0 1.7625e-17 -0.0281773 
1 0 0 -6.71987e-18 0.0335174 
1 0 0 -8.24765e-18 -0.0379591 
1 0 0 5.14268e-18 0.0533219 
1 0 0 0 0.00539786 
1 0 0 -1.82558e-17 0.0411995 
1 0 0 1.61325e-17 0.101014 
1 0 0 1.32954e-18 -0.0248494 
1 0 0 -1.16247e-17 0.132563 
1 0 0 1.84743e-18 0.120627 
1 0 0 1.68298e-17 -0.0492815 
1 0 0 0 0.0525322 
1 0 0 -6.21795e-18 -0.06058 
1 0 0 5.37934e-18 -0.0507443 
1 0 0 -2.22925e-18 0.0586661 
1 0 0 0 0.045589 
1 0 0 8.12858e-18 0.0834659 
1 0 0 9.34741e-18 0.0460692 
1 0 0.185275 -5.31469e-19 -0.0686828 
1 0 0 3.45374e-18 0.0697019 
1 0 0 0 0.0413171 
1 0 0 1.88819e-17 -0.0180287 
1 0 0 -2.98147e-19 -0.115163 
1 0 0 2.24299e-17 -0.0314719 
1 0 0 -4.03319e-18 -0.0549705 
1 0 -0.00447707 2.36004e-17 0.0286798 
1 0 0 -1.76788e-17 -0.08644 
1 0 0 1.36187e-17 0.0782937 
1 0 0 2.82165e-18 0.0296655 
1 0 0 -1.51166e-17 -0.0824549 
1 0 0 3.62747e-17 -0.0174677 
1 0 0 2.24085e-17 0.0728474 
1 0 0 0 -0.0616601 
1 0 0 -1.90371e-17 -0.0208314 
1 0 0 8.9012e-18 0.00166074 
1 0 0 -1.34784e-17 0.00187303 
1 0 -0.167274 -1.78646e-18 -0.0208131 
1 0 0 3.63931e-17 0.0653985 
1 0 0 2.07303e-17 -0.0486554 
1 0 0 0 -0.0646741 
1 0 0 -5.52187e-18 -0.128806 
1 0 0 -5.82985e-18 -0.107184 
1 0 0 -3.9603e-18 -0.0490687 
1 0 0 1.54639e-17 0.016181 
1 0 0 -1.70177e-17 -0.0940871 
1 0 0 -6.90638e-18 0.0547297 
1 0 0 2.5502e-19 -0.0642015 
1 0 0 -1.49088e-19 -0.0804767 
1 0 0 2.54638e-18 0.0887792 
1 0 0 -2.71836e-17 -0.0211949 
1 0 0 -1.37869e-17 -0.0322115 
1 0 0 -1.12818e-18 0.0124709 
1 0 0 3.54411e-17 0.114395 
1 0 0 3.27642e-18 0.00689365 
1 0 0.000574891 -2.06066e-17 0.0498832 
1 0 0 3.3622e-18 0.0809777 
1 0 0.197288 -6.17864e-18 -0.0433653 
1 0 0 -5.82595e-18 -0.0362014 
1 0 0 6.3532e-18 -0.00442568 
1 0 0 2.18041e-18 -0.0343537 
1 0 0 1.08118e-17 0.0337549 
1 0 0 7.08049e-18 0.0383919 
1 0 0 7.16486e-18 0.108746 
1 0 0 -1.40428e-18 0.0413577 
1 0 0 3.41403e-18 -0.0486187 
1 0 -0.232578 4.98697e-18 0.10437 
1 0 0 -1.29512e-17 0.034099 
1 0 0 7.12438e-18 0.0802871 
1 0 0 8.77624e-18 -0.124271 
1 0 0 -9.37361e-18 0.119366 
1 0 0 1.17722e-17 -0.0141896 
1 0 0 4.47235e-18 0.140703 
1 0 0 9.94101e-18 0.0851699 
1 0 0 1.81183e-17 0.0876899 
1 0 0 2.5138e-18 -0.0952175 
1 0 0 -7.6507e-18 -0.126769 
1 0 0 2.05368e-18 0.14536 
1 0 0.141265 3.25437e-17 0.0163878 
1 0 0 0 -0.00775792 
1 0 0 1.17311e-17 -0.076353 
1 0 0 2.32681e-18 0.0298839 
1 0 0 5.04171e-18 -0.0303051 
1 0 0 1.24617e-17 0.00725171 
1 0 0 -1.79523e-17 0.0417215 
1 0 0 0 -0.0613189 
1 0 0 -2.27343e-18 0.124834 
1 0 0 5.84263e-18 -0.027847 
1 0 0 0 0.132599 
1 0 0 2.26248e-18 0.0340356 
1 0 0.209508 4.79565e-18 -0.101746 
1 0 0 -1.49407e-17 -0.00669067 
1 0 0 -1.54373e-17 -0.0544688 
1 0 0.212967 1.67289e-18 0.149531 
1 0 0 2.76393e-18 0.105981 
1 0 0 -2.73736e-18 0.120129 
1 0 0 1.04278e-17 -0.0510223 
1 0 0 5.51403e-18 0.0316095 
1 0 0 1.05449e-17 -0.0259894 
1 0 0 1.98107e-17 -0.0161313 
1 0 0 0 -0.102743 
1 0 -0.176556 -1.00313e-17 -0.124874 
1 0 0 -1.04579e-17 0.044687 
1 0 0 -1.25906e-17 -0.10404 
1 0 0 7.76841e-18 0.0766163 
1 0 0 -1.13418e-17 0.11344 
1 0 0 9.34482e-18 0.101299 
1 0 0 1.75953e-17 -0.0428531 
1 0 0 -7.07358e-18 0.130284 
1 0 0 7.22197e-18 -0.120737 
1 0 0 -1.77153e-18 0.0481951 
1 0 0 3.07352e-17 -0.0633141 
1 0 0 -1.34798e-17 0.107639 
1 0 -0.138127 -6.17068e-18 0.120559 
1 0 0 3.29022e-18 -0.00701545 
1 0 0 3.94552e-18 -0.0375449 
1 0 -0.0504649 5.02722e-18 -0.0595323 
1 0 0 -2.88966e-18 -0.0202578 
1 0 0 7.43558e-18 -0.00641625 
1 0 0.0663222 4.63478e-18 -0.017284 
1 0 0 -5.36493e-18 0.0919145 
1 0 0 1.26328e-17 -0.0286032 
1 0 0.0465626 -2.95678e-17 -0.00851839 
1 0 0 -2.19766e-18 -0.0922293 
1 0 0 1.4718e-17 0.00742056 
1 0 0 -1.66481e-17 0.0882568 
1 0 0 -5.53882e-18 0.108691 
1 0 0 1.00182e-17 -0.00509372 
1 0 0 -2.0038e-17 -0.052883 
1 0 0 -1.77849e-17 0.0163766 
1 0 0 -2.01459e-17 0.0714541 
1 0 -0.1875 2.50032e-17 0.0737119 
1 0 0 1.12281e-17 -0.0773307 
1 0 0 4.0032e-18 0.0537009 
1 0 0 1.86183e-17 -0.0702212 
1 0 0 -1.49089e-17 0.0340378 
1 0 0 -1.8029e-18 0.0376305 
1 0 0.0123002 -1.72991e-17 0.0826718 
1 0 0 1.93687e-18 0.0156513 
1 0 0 -9.64731e-18 0.126309 
1 0 0 1.27225e-17 -0.0455111 
1 0 0 -3.51962e-18 -0.0781974 
1 0 0 8.76294e-18 0.136809 
1 0 0 5.45012e-18 0.0544574 
1 0 0 8.38556e-18 0.00270154 
1 0 0 1.80044e-18 -0.00116089 
1 0 0 1.63386e-17 -0.0819363 
1 0 0 -1.9154e-18 0.0576839 
1 0 0 1.86675e-17 0.113474 
1 0 0 6.55302e-18 -0.0715687 
1 0 0 -3.27751e-18 -0.119759 
1 0 0 5.1757e-18 0.134417 
1 0 0 6.83485e-18 -0.0395914 
1 0 0.199909 4.01434e-18 0.0977348 
1 0 0 -1.1854e-17 0.0537946 
1 0 0.107122 -6.70309e-18 0.0823737 
1 0 0 5.3869e-18 0.0986554 
1 0 0 8.68847e-18 -1.83485e-05 
1 0 0 -1.41503e-18 0.0332261 
1 0 0 1.38304e-17 -0.101887 
1 0 0 2.94265e-17 0.00215217 
1 0 0 7.46863e-18 0.0994838 
1 0 0 -1.92842e-17 -0.00483561 
1 0 0 -1.04777e-17 -0.0232895 
1 0 0 -7.25511e-18 0.0107012 
1 0 0 1.23166e-17 0.0368968 
1 0 0 2.00303e-17 -0.0368731 
1 0 0 -2.36644e-18 -0.0139417 
1 0 0 1.11328e-17 -0.00631326 
1 0 0 -3.02363e-18 -0.013361 
1 0 0 1.56945e-17 0.0518266 
1 0 0 1.35427e-17 -0.110971 
1 0 0 -1.97511e-18 -0.0811315 
1 0 0 7.00829e-18 0.0640718 
1 0 0 -1.77406e-17 0.0919853 
1 0 0 -3.75463e-18 -0.00711951 
1 0 0 -2.38228e-18 -0.0409634 
1 0 0 -4.59359e-19 0.0356133 
1 0 -0.191168 -1.80659e-17 0.10235 
1 0 0 -7.77587e-18 -0.0144244 
1 0 0 4.31844e-18 0.13268 
1 0 0 3.28697e-17 -0.124794 
1 0 0 1.09521e-18 0.00170223 
1 0 0 -2.87273e-18 0.0104668 
1 0 0.202029 7.34733e-18 0.0613891 
1 0 0 -9.16571e-18 -0.0618977 
1 0 0 2.92004e-18 -0.0278466 
1 0 0 1.32021e-17 0.027267 
1 0 0 4.42452e-18 -0.0984928 
1 0 0 -1.20429e-17 0.0984208 
1 0 0 -3.76268e-18 0.0921645 
1 0 0 -1.46825e-17 -0.0249855 
1 0 0 1.35669e-17 -0.118191 
1 0 0 6.63665e-18 -0.00488248 
1 0 0 -1.87958e-18 -0.0898598 
1 0 0 0 0.0313777 
1 0 0 1.95035e-17 0.0224328 
1 0 0 -6.0503e-18 0.0553419 
1 0 0 -7.83378e-18 0.0328478 
1 0 0 -7.20979e-18 0.0357394 
1 0 0 -6.34545e-18 0.0804589 
1 0 0 1.03221e-17 0.0474691 
1 0 0 -2.24945e-17 -0.0918045 
1 0 0.0285357 9.11005e-18 0.0473769 
1 0 0 -1.13408e-17 0.0209857 
1 0 0 -2.35188e-17 0.0932966 
1 0 0 -1.00085e-17 0.0623758 
1 0 0 4.8179e-18 -0.0255907 
1 0 0 2.10934e-17 -0.144851 
1 0 0 1.17923e-17 -0.0203992 
1 0 0 -1.12744e-17 -0.0614302 
1 0 0 -2.21906e-17 0.0115644 
1 0 0 4.49322e-17 0.0515306 
1 0 0 3.68298e-18 -0.0172262 
1 0 0 0 -0.130571 
1 0 0 -1.02637e-17 -0.0501765 
1 0 0 -6.09844e-19 -0.0456294 
1 0 0 -2.49342e-17 0.0975636 
1 0 0 3.59264e-18 -0.0655535 
1 0 0 1.4334e-17 0.0838235 
1 0 0 -9.08594e-18 0.0512677 
1 0 0 2.87881e-18 0.0190992 
1 0 0 9.07197e-18 0.0617825 
1 0 0 -3.41279e-18 0.104181 
1 0 0 -2.68643e-17 -0.0136943 
1 0 0 1.58124e-17 0.112813 
1 0 0 2.8073e-17 -0.0571164 
1 0 0 0 0.0611753 
1 0 -0.146159 0 0.0300751 
1 0 0 2.12835e-17 -0.0110207 
1 0 0 1.32567e-18 0.0926121 
1 0 0 5.25162e-18 -0.0597179 
1 0 0 1.77383e-17 0.0575651 
1 0 0 -3.07296e-17 -0.0396434 
1 0 0 -2.38471e-18 0.00842724 
1 0 0 -3.37374e-18 0.017277 
1 0 0 2.86652e-18 0.0905064 
1 0 0 -1.9702e-18 -0.114268 
1 0 0 3.96464e-18 -0.0747344 
1 0 0 0 0.131657 
1 0 0.138295 3.17149e-17 0.0178026 
1 0 0 -2.25549e-18 0.0328301 
1 0 0 3.63929e-17 0.0927232 
1 0 0.175301 -1.26439e-17 0.0221856 
1 0 0 -3.43071e-18 -0.0768429 
1 0 0 1.49609e-18 -0.0248194 
1 0 0 1.46931e-18 0.0159749 
1 0 0 1.04339e-17 0.0241532 
1 0 0 -9.52885e-18 0.0917177 
1 0 0 5.77165e-18 0.0955937 
1 0 0 1.16337e-17 0.0472513 
1 0 0 8.72436e-19 -0.109213 
1 0 0 1.44438e-17 0.0249776 
1 0 0.149903 -1.89997e-17 0.0873553 
1 0 0 -2.0898e-17 -0.0198345 
1 0 0 -8.05769e-18 0.0813394 
1 0 0 -3.72255e-18 -0.0922244 
1 0 0 2.73362e-17 0.089939 
1 0 -0.131114 -6.88522e-18 0.0998356 
1 0 0 -3.93683e-18 0.0305125 
1 0 0 -5.16607e-18 0.0126675 
1 0 0 9.96993e-18 0.0169718 
1 0 0.143955 -4.26056e-18 -0.0835572 
1 0 0 0 -0.0400157 
1 0 0 -1.54142e-17 0.0113909 
1 0 0 -1.20748e-18 -0.100682 
1 0 -0.110002 -1.02501e-18 0.041735 
1 0 0 1.21047e-17 0.059187 
1 0 0 -2.2459e-17 0.100037 
1 0 -0.0483127 4.30267e-19 0.0614888 
1 0 0.214152 1.88414e-18 -0.098354 
1 0 0 -1.35863e-18 0.0404593 
1 0 0 0 0.0455849 
1 0 0 0 -0.118999 
1 0 0 1.03261e-17 -0.0381215 
1 0 0 -1.413e-17 0.0531249 
1 0 0 -5.26308e-18 -0.0105401 
1 0 -0.0583051 -1.11507e-17 -0.0371339 
1 0 0 -7.55637e-18 -0.0738307 
1 0 0 -2.00747e-18 -0.127524 
1 0 0 -8.67823e-18 0.113231 
1 0 0 1.60963e-17 -0.0656029 
1 0 0 -1.98425e-18 0.0430179 
1 0 0 -2.85654e-18 -0.0124493 
1 0 0 0 0.127188 
1 0 0 -2.09493e-18 0.0641521 
1 0 0 -5.54092e-18 0.0153494 
1 0 0 2.86973e-17 -0.0182185 
1 0 0.202005 1.80272e-17 0.0296195 
1 0 0 1.94235e-18 0.0933296 
1 0 0 -6.6108e-18 0.101847 
1 0 0 0 0.140813 
1 0 0 5.18745e-18 0.135317 
1 0 0 -3.12817e-17 -0.058848 
1 0 0 1.92149e-18 0.0259599 
1 0 0 -2.97441e-17 0.00126425 
1 0 0 -4.70659e-19 0.0172535 
1 0 0 -1.68294e-18 0.00591742 
1 0 0 7.34575e-18 0.100358 
1 0 0 -4.23614e-18 0.064519 
1 0 0 9.74473e-19 0.0365914 
1 0 0 5.45183e-18 0.130782 
1 0 0 2.93919e-18 -0.0583533 
1 0 0 -1.03974e-17 -0.104963 
1 0 0 -3.22799e-17 0.0142409 
1 0 0 2.91181e-18 0.0700681 
1 0 0 2.89607e-17 -0.0358717 
1 0 0 -1.95986e-17 -0.0443069 
1 0 0 -1.30105e-17 0.114631 
1 0 0 -3.91737e-18 0.115937 
1 0 0.115435 -4.4215e-18 0.104136 
1 0 0 -7.19655e-19 0.095199 
1 0 0 -1.12387e-18 0.0140652 
1 0 0 -1.47881e-18 -0.0931207 
1 0 0 5.9832e-18 -0.0346935 
1 0 0 2.41072e-17 0.0863232 
1 0 0 -2.01855e-17 0.0241586 
1 0 0 0 -0.0297155 
1 0 0 1.94733e-17 -0.0166693 
1 0 0 1.15708e-17 -0.0925293 
1 0 0 -1.87449e-17 -0.068511 
1 0 0 0 0.00980824 
1 0 0 4.30308e-18 0.0101664 
1 0 0 -7.82597e-18 -0.00797145 
1 0 0 0 0.0760694 
1 0 0 -7.4376e-19 -0.0545691 
1 0 0 5.04209e-18 0.0123128 
1 0 0 -1.02191e-17 0.0380992 
1 0 0 5.79793e-18 0.0457153 
1 0 0 1.13497e-17 -0.0696718 
1 0 0 3.35968e-17 0.0330277 
1 0 0.205106 2.7617e-18 -0.0859116 
1 0 0 -1.25859e-17 -0.0457439 
1 0 0 6.8264e-18 0.0729382 
1 0 0 -5.58445e-18 0.125154 
1 0 0 -1.31749e-17 0.055101 
1 0 0 -1.68806e-17 -0.0352274 
1 0 -0.147724 1.95479e-17 -0.0225295 
1 0 0 9.67264e-18 0.0407066 
1 0 0 -1.63664e-17 -0.0167559 
1 0 0 3.54881e-18 -0.0340331 
1 0 0 3.92291e-18 0.0890111 
1 0 0 4.16951e-18 -0.00478132 
1 0 0 9.94483e-18 -0.101302 
1 0 0 -1.03633e-17 0.089331 
1 0 0 -6.34372e-18 0.045523 
1 0 0 -2.43317e-17 -0.0357117 
1 0 0.0188667 1.66636e-17 0.0561329 
1 0 0 -1.15531e-17 0.0437208 
1 0 0 -9.57854e-19 -0.0246485 
1 0 0 1.65274e-17 -0.0304693 
1 0 0 -1.46284e-17 0.0701247 
1 0 0 -7.21128e-18 -0.0770954 
1 0 0 1.45828e-17 -0.0162875 
1 0 0 -1.97748e-18 -0.114381 
1 0 0 -4.58949e-18 0.0905448 
1 0 0 -7.71238e-18 -0.0162769 
1 0 0 1.03619e-18 0.038083 
1 0 0 2.13862e-18 0.00245683 
1 0 0 2.7424e-18 -0.087306 
1 0 0 5.57963e-18 0.0991505 
1 0 0 -1.02482e-17 -0.0169216 
1 0 0 -8.28449e-18 0.0671897 
1 0 0 2.6601e-17 0.00886611 
1 0 0 1.54903e-17 -0.027329 
1 0 0 4.89513e-18 -0.0588917 
1 0 0 -9.46076e-18 -0.0113202 
1 0 0 3.02451e-18 -0.0183154 
1 0 0 0 -0.108384 
1 0 0 2.21912e-18 0.0419254 
1 0 0 3.69433e-18 0.0157349 
1 0 0 3.62262e-18 0.0923527 
1 0 0 0 0.102961 
1 0 0 9.52538e-18 0.0534641 
1 0 0 -1.48944e-18 0.0336488 
1 0 0 -1.05683e-17 0.119887 
1 0 0 -1.25311e-18 0.0161372 
1 0 0 1.97073e-17 0.0496697 
1 0 0 4.06572e-18 0.067212 
1 0 0 1.32631e-17 0.0375079 
1 0 0 -1.91774e-17 0.0790021 
1 0 0 -2.43693e-18 0.0183431 
1 0 0 -8.85676e-18 -0.0838206 
1 0 0 5.09446e-18 0.00938832 
1 0 -0.184515 -2.23956e-18 0.00621403 
1 0 0 1.26935e-17 0.0942063 
1 0 0 0 -0.0941703 
1 0 0 0 -0.0637847 
1 0 0 1.31237e-17 0.0836398 
1 0 0 -7.84857e-18 -0.0645733 
1 0 0 0 0.107868 
1 0 0 -9.74726e-18 0.0804553 
1 0 0 -1.90888e-17 0.104159 
1 0 0 -9.40498e-19 -0.10882 
1 0 0 4.68761e-18 0.0116011 
1 0 0 1.31762e-17 0.00141589 
1 0 0 2.39293e-17 0.0583469 
1 0 0 5.72288e-18 -0.0367034 
1 0 -0.158683 -2.09693e-17 0.109609 
1 0 0 -5.97833e-18 -0.015288 
1 0 0 8.73951e-19 0.0744498 
1 0 0 1.99908e-18 0.0353611 
1 0 0 1.93499e-17 0.00473164 
1 0 0 2.00128e-17 -0.0753533 
1 0 0 -3.54555e-18 -0.0176405 
1 0 0 8.32083e-18 0.0569725 
1 0 0 -2.36005e-17 -0.021776 
1 0 0 -1.23496e-18 0.0593441 
1 0 0 0 0.0578629 
1 0 0 1.27067e-17 -0.0892891 
1 0 0 -2.04488e-17 -0.108666 
1 0 0 -5.92469e-18 0.0285922 
1 0 0 -4.07035e-18 0.0369025 
1 0 0 4.59575e-18 -0.0317249 
1 0 0 1.79346e-17 -0.0107107 
1 0 0 3.85378e-18 -0.0590501 
1 0 0 -8.18868e-18 -0.0114084 
1 0 0 -2.42271e-18 -0.13228 
1 0 0 -5.02512e-18 -0.115352 
1 0 0 -9.91837e-18 -0.0516498 
1 0 0 9.50794e-18 -0.0246054 
1 0 0 -1.36749e-17 -0.110189 
1 0 0 3.28405e-18 0.0383787 
1 0 0 -6.38422e-18 0.00437683 
1 0 0 0 -0.133465 
1 0 0 -5.87893e-18 -0.0724609 
1 0 0 -2.76264e-18 0.0045427 
1 0 0 -5.87535e-18 0.0332674 
1 0 0 -1.15213e-17 0.00174535 
1 0 0 9.68488e-18 0.117899 
1 0 0 2.52353e-17 0.044157 
1 0 0 3.17291e-17 0.0579253 
1 0 0 -3.55544e-19 -0.00187251 
1 0 0 7.47557e-18 0.00793686 
1 0 0 -1.63374e-17 -0.00517174 
1 0 0 1.40892e-18 0.0891844 
1 0 0 -1.64142e-17 0.0518711 
1 0 0 -2.12407e-17 -0.0783504 
1 0 0 8.52831e-18 -0.00684331 
1 0 0 -1.45605e-18 -0.049846 
1 0 0.204494 -6.94121e-18 0.0774241 
1 0 0 -1.48959e-17 0.102695 
1 0 0 -2.2022e-17 -0.0521964 
1 0 0 3.78837e-17 -0.117761 
1 0 0 -2.15684e-17 -0.0351447 
1 0 0 -1.85055e-17 -0.0970634 
1 0 0 2.41457e-18 0.10917 
1 0 0 1.99516e-18 0.0608191 
1 0 0 1.48953e-17 0.074441 
1 0 0 1.27485e-17 -0.0374331 
1 0 0 -2.27033e-17 -0.0983466 
1 0 0 -9.16718e-18 0.0925228 
1 0 0 3.51572e-17 -0.0623885 
1 0 0 -7.72013e-18 0.0221794 
1 0 0 1.24901e-17 0.13206 
1 0 0 -8.02612e-18 -0.00586455 
1 0 0 0 0.0236987 
1 0 0 1.27097e-17 0.0649176 
1 0 0 -2.14592e-17 0.00149609 
1 0 0 0 -0.00233824 
1 0 0 3.9524e-18 -0.0257611 
1 0 0 2.09001e-18 0.0316735 
1 0 0 4.48375e-18 -0.00557062 
1 0 0 2.01138e-17 -0.104163 
1 0 -0.0979657 4.51061e-18 0.0920866 
1 0 0 0 -0.0982409 
1 0 0 -1.0398e-18 -0.0563403 
1 0 0 2.33081e-17 -0.0539254 
1 0 0 2.03504e-17 0.0571293 
1 0 0 -2.63102e-17 -0.0144494 
1 0 0 -2.13602e-18 -0.0600596 
1 0 0 2.1798e-18 -0.0748991 
1 0 0.18496 0 0.0697734 
1 0 0 -1.90007e-17 -0.0796977 
1 0 0.0371207 0 -0.0062415 
1 0 0 3.26467e-18 -0.0401084 
1 0 -0.148039 -6.75171e-19 0.103762 
1 0 0 1.37819e-17 -0.0271234 
1 0 0.143998 1.2896e-17 -0.0322487 
1 0 0 0 0.0325909 
1 0 0 2.62224e-17 0.0946131 
1 0 0 3.15071e-18 -0.015312 
1 0 0 1.63831e-17 -0.113545 
1 0 0 -1.59466e-17 -0.0282863 
1 0 0 3.19866e-18 -0.106971 
1 0 -0.1965 9.01643e-18 0.0975654 
1 0 0 1.29108e-17 -0.0216135 
1 0 0 6.25679e-18 -0.0031311 
1 0 0 -2.82878e-18 0.0253359 
1 0 0 1.68433e-17 -0.0124898 
1 0 0 1.07845e-17 -0.124352 
1 0 0.140886 -8.22798e-18 0.0754539 
1 0 0 -2.11321e-18 0.0585326 
1 0 0 1.98189e-17 -0.0386218 
1 0 0 -7.80338e-18 0.0607973 
1 0 0 1.88505e-17 -0.0963605 
1 0 0 -3.43587e-18 -0.138374 
1 0 0 0 0.0262363 
1 0 0.0418731 9.18196e-18 0.050751 
1 0 0.216145 -2.50559e-18 0.0193989 
1 0 0 0 -0.0947206 
1 0 0 4.56269e-18 -0.0387685 
1 0 0 -4.53244e-18 0.00383005 
1 0 0 1.86648e-17 -0.0757739 
1 0 0 6.08012e-19 0.0804574 
1 0 0.119617 -1.0187e-18 -0.10125 
1 0 0 0 0.0685892 
1 0 0 -1.87113e-18 0.0448031 
1 0 0.227409 -7.55338e-18 -0.0879478 
1 0 0 -3.71873e-18 -0.0554709 
1 0 -0.0440103 -1.60689e-17 -0.0633516 
1 0 -0.125792 1.00129e-17 -0.086007 
1 0 -0.199756 -6.11788e-18 0.0735065 
1 0 0 1.88017e-17 0.000454926 
1 0 0 5.26755e-18 0.136307 
1 0 0 -3.24642e-18 0.12307 
1 0 0 -8.34929e-19 0.0835474 
1 0 0 0 -0.00558708 
1 0 0 6.92336e-18 0.0790084 
1 0 0 8.26868e-18 -0.0683965 
1 0 0 1.88002e-17 0.00824303 
1 0 0 1.00566e-17 0.0702187 
1 0 0 0 -0.00654972 
1 0 0 1.24225e-17 -0.0698227 
1 0 0 -1.8269e-17 -0.0294936 
1 0 0 5.73126e-18 -0.0569863 
1 0 0 -2.58971e-18 0.0189654 
1 0 0 -1.20157e-17 0.007239 
1 0 0 -2.35261e-17 -0.0372859 
1 0 0 -1.49697e-17 0.122579 
1 0 0 3.45717e-18 0.0669395 
1 0 0 -5.0041e-18 0.0183764 
1 0 0 -1.4156e-17 0.0465773 
1 0 0 4.1032e-18 -0.0554003 
1 0 0 6.47899e-18 -0.0282886 
1 0 0 -1.67276e-17 0.101826 
1 0 0 1.58794e-17 0.112877 
1 0 -0.220371 -1.4465e-17 0.0420509 
1 0 0 3.11352e-18 0.044196 
1 0 0 7.11869e-18 -0.0575713 
1 0 0 -8.82346e-18 0.11947 
1 0 0 -7.03876e-19 -0.0401556 
1 0 0 8.84736e-18 -0.0511214 
1 0 -0.0601534 2.36779e-18 0.0548311 
1 0 0 1.83568e-17 0.0266888 
1 0 0.100964 1.58596e-17 0.0499073 
1 0 0 3.55136e-18 0.00213001 
1 0 0 6.46731e-18 -0.0142776 
1 0 0 -4.03637e-17 0.0342687 
1 0 0 -1.73451e-17 -0.106359 
1 0 0 1.06493e-17 0.00235558 
1 0 0 -5.59729e-18 -0.0154261 
1 0 0 -1.96623e-17 0.0323502 
1 0 0 -7.96935e-18 0.0777663 
1 0 0 -2.22813e-18 -0.0552308 
1 0 -0.0313106 1.08606e-17 -0.000795376 
1 0 0 -3.09855e-18 0.0449112 
1 0 0 -1.78178e-18 0.0422115 
1 0 -0.0200522 -1.15133e-17 0.0276657 
1 0 0 1.20913e-17 0.03531 
1 0 0 -3.50959e-18 -0.0623821 
1 0 0 9.77713e-18 0.121569 
1 0 0 7.45018e-18 0.148367 
1 0 0 -2.05775e-17 -0.138013 
1 0 0 6.14545e-18 -0.0765428 
1 0 0 -2.01812e-17 0.0442232 
1 0 -0.00142414 4.71652e-18 0.0724386 
1 0 0 6.54747e-18 -0.0281398 
1 0 -0.167864 6.48587e-18 0.0340751 
1 0 0 9.08841e-19 -0.0337097 
1 0 0 1.84616e-17 0.0184399 
1 0 0 0 0.108928 
1 0 0 1.32443e-17 -0.060694 
1 0 0 2.31984e-18 -0.122179 
1 0 0 1.59657e-17 0.00783989 
1 0 0 -1.01707e-17 -0.0320234 
1 0 0 8.77653e-18 0.0132564 
1 0 0 0 0.0307982 
1 0 0 -9.28504e-18 -0.0166438 
1 0 0 -7.30188e-18 -0.0401544 
1 0 0 1.72955e-18 0.0794776 
1 0 0 -2.96351e-17 0.005066 
1 0 0 1.63131e-17 0.00331685 
1 0 0 3.95291e-19 -0.0232519 
1 0 0 -3.48761e-18 0.115259 
1 0 0.234618 0 0.0630135 
1 0 0 -2.67278e-17 -0.0968064 
1 0 0 -2.63859e-18 -0.0175531 
1 0 0 1.25245e-17 -0.0717187 
1 0 0 0 -0.0942136 
1 0 0 1.79024e-17 0.0858745 
1 0 0 0 0.0376165 
1 0 0 0 0.104334 
1 0 0 -1.19051e-17 0.0233425 
1 0 0 7.78373e-18 0.0419866 
1 0 0 8.26656e-18 0.0904605 
1 0 0 0 -0.122298 
1 0 0 -9.99176e-18 0.0723375 
1 0 0 -6.59906e-18 0.0623578 
1 0 0 -2.10963e-18 0.0214243 
1 0 0 -2.04456e-17 0.0340221 
1 0 0 -2.45212e-17 -0.0524726 
1 0 -0.207374 1.1868e-17 0.118018 
1 0 0 1.91236e-17 -0.0253838 
1 0 0 -1.0162e-17 0.0577241 
1 0 0 7.4046e-18 0.0557894 
1 0 0 -2.02575e-17 -0.0773098 
1 0 0 2.00056e-17 -0.0202174 
1 0 0 1.41146e-17 0.0861024 
1 0 0 0 -0.0431146 
1 0 0 9.12311e-18 0.0312871 
1 0 -0.219658 2.54423e-17 0.0772831 
1 0 0 7.70691e-18 0.038805 
1 0 0 0 -0.0852894 
1 0 0 -1.32927e-18 -0.0751484 
1 0 -0.0682576 -2.91772e-17 -0.144264 
1 0 0 3.03089e-17 0.0210231 
1 0 0 -2.83132e-17 -0.0753118 
1 0 0 -6.58701e-18 0.0279835 
1 0 0 7.67181e-18 0.0808531 
1 0 0 9.34069e-18 0.0754623 
1 0 0 6.58968e-18 0.0756551 
1 0 0 -3.20851e-18 0.0473095 
1 0 0 3.36605e-17 -0.132633 
1 0 0 1.89407e-17 0.0883111 
1 0 0 -1.15538e-17 -0.0695535 
1 0 0 0 0.0739864 
1 0 0 1.98622e-18 0.0284505 
1 0 0 -1.25534e-17 -0.0526003 
1 0 0 -3.44202e-17 -0.0680344 
1 0 0.111417 -9.9797e-18 -0.0493271 
1 0 0 -3.49057e-18 0.0471806 
1 0 0 1.35485e-18 0.0659169 
1 0 0 1.77898e-17 0.0801922 
1 0 0.0119474 3.32601e-18 0.0381168 
1 0 0 3.98964e-18 -0.0900418 
1 0 0.17084 0 0.0213311 
1 0 0 1.25735e-17 0.0600955 
1 0 0 3.67083e-17 0.0386754 
1 0 0 3.9897e-18 0.0151268 
1 0 0 9.11676e-18 -0.0369692 
1 0 0 1.12876e-17 0.0152124 
1 0 0 1.17231e-17 -0.0384188 
1 0 0 -2.27342e-18 0.0614826 
1 0 0.218672 8.22658e-18 -0.0936181 
1 0 0 2.30242e-17 -0.0705695 
1 0 0 -4.89989e-18 0.0608644 
1 0 0 1.1092e-19 0.116497 
1 0 0 -3.9939e-18 -0.0313464 
1 0 0 -1.31481e-18 0.0832286 
1 0 0 1.91417e-17 -0.100063 
1 0 0 1.72724e-17 -0.00579135 
1 0 0 3.31266e-18 0.00366871 
1 0 0 1.91272e-17 0.0679633 
1 0 0 1.32057e-17 0.0603721 
1 0 0 -2.71954e-18 -0.020021 
1 0 0 5.2659e-18 -0.0291717 
1 0 0 -3.61168e-17 0.139833 
1 0 0 0 0.0282742 
1 0 0.181049 -8.66994e-18 0.0648638 
1 0 0 1.32618e-17 -0.0491684 
1 0 0 0 0.0565923 
1 0 0 1.35038e-17 -0.0241256 
1 0 0.0464817 8.15556e-18 0.0338268 
1 0 0 3.70713e-18 0.119507 
1 0 0 -2.19256e-17 0.0515791 
1 0 0 2.73625e-18 -0.0234232 
1 0 0 1.41066e-18 0.0558565 
1 0 0 -2.79807e-18 -0.103992 
1 0 0 1.8121e-18 0.0221388 
1 0 0 -1.21713e-17 -0.0818007 
1 0 0 1.07678e-17 -0.0821965 
1 0 0 -2.56325e-18 -0.036112 
1 0 0 6.29746e-18 0.0803936 
1 0 0 -3.11331e-18 0.0144289 
1 0 0 -1.60984e-17 0.0964229 
1 0 0 -1.77136e-17 0.0353601 
1 0 0 -3.24667e-18 0.13449 
1 0 0 -4.76579e-18 0.0731494 
1 0 0 -1.13771e-17 0.0316367 
1 0 0 -5.54739e-18 -0.0246672 
1 0 0 1.37771e-17 -0.0975892 
1 0 0.231428 1.56459e-17 -0.0189698 
1 0 0 -3.94985e-18 -0.051024 
1 0 0 -1.603e-17 -0.0228661 
1 0 0 1.69054e-17 0.0635573 
1 0 0 0 -0.0923138 
1 0 0 1.22215e-17 0.053318 
1 0 0 -1.2775e-17 0.0864069 
1 0 0 1.09643e-17 0.0372738 
1 0 0 -1.69375e-17 0.0420012 
1 0 0 -1.87031e-18 0.134245 
1 0 0 8.32505e-18 0.0493033 
1 0 0 1.4942e-18 -0.0251388 
1 0 0 8.86525e-18 -0.0653006 
1 0 0 0 0.135644 
1 0 0 1.01187e-17 -0.0460135 
1 0 0 0 0.0886722 
1 0 0 1.55954e-18 -0.0529404 
1 0 0 2.78119e-18 -0.0886055 
1 0 0 5.76261e-18 0.00367385 
1 0 0 -1.25887e-17 0.0868724 
1 0 0 2.09866e-17 -0.0686135 
1 0 0 9.11337e-18 -0.0282507 
1 0 0 2.14285e-17 0.0797194 
1 0 0 7.68009e-18 -0.00713323 
1 0 0 7.45102e-19 0.110227 
1 0 0 -1.7941e-17 0.0726544 
1 0 0 -5.90232e-18 -0.105982 
1 0 -0.141347 -3.33914e-18 -0.00551072 
1 0 0 -7.51217e-19 0.0553027 
1 0 0 1.57428e-17 -0.0719227 
1 0 0 -1.33835e-18 0.08641 
1 0 0 -5.22642e-18 0.0284489 
1 0 0 1.81231e-17 -0.119837 
1 0 0 -1.89799e-17 0.0765672 
1 0 0 -2.08254e-17 0.0191645 
1 0 -0.143976 -2.52679e-17 -0.0975196 
1 0 -0.0222767 1.61019e-17 -0.0771718 
1 0 0 6.24278e-18 0.0853296 
1 0 0 2.40117e-17 0.0247504 
1 0 0 7.51736e-18 -0.113426 
1 0 0 6.48679e-18 0.065297 
1 0 0 -1.89016e-17 0.0226311 
1 0 0 0 -0.00720802 
1 0 0 -2.66115e-18 0.0854826 
1 0 0 0 0.0127936 
1 0 0 -6.75059e-18 -0.0366365 
1 0 0 -2.43213e-18 0.0340336 
1 0 0 -1.83977e-17 0.0688783 
1 0 0 4.98223e-18 -0.0766995 
1 0 0 -4.07995e-18 -0.0791538 
1 0 0 7.12567e-18 0.137743 
1 0 0 -1.44483e-17 0.0178159 
1 0 0.0670087 -3.10046e-18 -0.011901 
1 0 -0.201131 -1.98834e-17 0.0282532 
1 0 0 3.24616e-18 0.0964482 
1 0 0.134658 -7.36424e-18 -0.0647359 
1 0 0 3.71654e-18 -0.131227 
1 0 0.200134 -2.36446e-17 0.122882 
1 0 0 1.76545e-17 0.0122188 
1 0 0.12233 6.89326e-18 -0.0218345 
1 0 0 -2.15868e-17 0.146666 
1 0 0 -8.27914e-18 -0.0221184 
1 0 0 2.32011e-17 0.126502 
1 0 0 -7.75778e-18 0.0951912 
1 0 0 -1.35381e-17 0.070913 
1 0 0 -2.27362e-18 -0.0006947 
1 0 0 1.12813e-17 -0.0190369 
1 0 0 2.77587e-18 0.0961979 
1 0 0 -1.09388e-17 -0.0987591 
1 0 0 0 0.0143805 
1 0 0 2.14762e-17 0.00280702 
1 0 0 0 -0.00154911 
1 0 0 -4.97119e-18 -0.0761207 
1 0 0 1.75972e-17 -0.026916 
1 0 -0.13031 -5.48292e-18 0.0549219 
1 0 0 7.37808e-18 0.0987642 
1 0 0 -3.10691e-18 0.0619945 
1 0 -0.238504 1.11052e-17 0.0461266 
1 0 0 1.03359e-17 -0.0355585 
1 0 0 0 0.067063 
1 0 0 8.30182e-18 0.0121206 
1 0 0 4.33078e-18 -0.0985085 
1 0 0 -2.19998e-18 0.0918908 
1 0 0 2.22072e-17 -0.142381 
1 0 0 3.05369e-18 0.106384 
1 0 -0.0411101 8.33977e-18 0.0083243 
1 0 0 1.93602e-17 -0.0822784 
1 0 0 -7.53117e-18 0.0232258 
1 0 0 8.07821e-18 0.0761953 
1 0 0 0 0.140752 
1 0 0 -4.22345e-18 -0.0447445 
1 0 -0.228492 -9.7601e-18 -0.105493 
1 0 0 -5.27184e-18 -0.131191 
1 0 0 2.25243e-17 0.0576391 
1 0 -0.138386 5.6958e-18 0.0186755 
1 0 0 -1.7788e-17 -0.0928871 
1 0 0 -1.18976e-17 0.0785031 
1 0 0 -8.41979e-18 0.0993754 
1 0 0 1.19024e-17 -0.0406464 
1 0 0 -1.04165e-17 -0.0745815 
1 0 0 1.03255e-17 -0.0813571 
1 0 0 -2.36954e-18 0.00271279 
1 0 0 0 0.147301 
1 0 0 3.26047e-17 0.0715146 
1 0 0 -1.18428e-17 0.00526089 
1 0 0 -1.21267e-18 -0.0467373 
1 0 0 -2.00534e-17 -0.0172652 
1 0 0 2.53397e-18 -0.0203907 
1 0 0 2.97023e-18 -0.0586428 
1 0 0 1.31251e-18 0.020746 
1 0 0 -1.15657e-17 -0.0999069 
1 0 0 0 -0.027198 
1 0 0 1.00391e-17 0.0900357 
1 0 0 5.56081e-18 0.0182101 
1 0 0 -1.18369e-17 0.0447955 
1 0 0 -4.12747e-18 0.101852 
1 0 0 1.87736e-17 -0.0269437 
1 0 0 7.45202e-18 -0.110259 
1 0 0 -1.01085e-17 0.0286533 
1 0 0 8.29733e-18 -0.0491037 
1 0 0 -2.58239e-17 -0.024691 
1 0 0 0 0.0140022 
1 0 0 2.35029e-17 -0.0281012 
1 0 0 -3.25445e-18 -0.0525105 
1 0 0 1.5304e-17 0.00288223 
1 0 0 3.19705e-18 0.0040552 
1 0 -0.106908 4.20655e-18 0.0108484 
1 0 0 2.36952e-18 -0.0584219 
1 0 0 8.16978e-18 -0.0728905 
1 0 0 -4.06497e-18 -0.000874235 
1 0 0 2.24615e-17 -0.0776932 
1 0 0 -5.48985e-18 0.0544599 
1 0 0 9.48623e-18 -0.0853403 
1 0 0 6.09709e-18 0.0273162 
1 0 0 2.1967e-18 -0.0229893 
1 0 0 -9.57343e-18 -0.0485617 
1 0 0 8.31897e-18 0.0390556 
1 0 0.00646068 0 -0.00986706 
1 0 0 -6.97823e-18 0.00275044 
1 0 0 -1.89332e-17 0.132992 
1 0 0 0 0.081386 
1 0 0.0467509 1.0215e-17 0.0597991 
1 0 0 -1.73109e-17 -0.111634 
1 0 0 -1.47766e-17 0.075607 
1 0 0 1.17551e-17 0.0610418 
1 0 0 3.33058e-18 -0.0847948 
1 0 0 -4.6828e-18 0.0372577 
1 0 0 1.46828e-17 0.0564188 
1 0 0 3.17469e-18 0.0179579 
1 0 0 1.27439e-17 -0.0159306 
1 0 0 -1.00343e-18 0.0662875 
1 0 0 -4.4379e-18 0.0673338 
1 0 0 -1.13883e-17 0.12632 
1 0 0.142108 5.79958e-19 -0.13103 
1 0 0 3.59207e-18 0.113843 
1 0 0 6.22295e-18 0.017565 
1 0 0 -1.15726e-17 0.0747802 
1 0 0 0 -0.087765 
1 0 0 -2.3312e-18 0.110277 
1 0 0.184638 -9.30101e-18 -0.0200295 
1 0 -0.200812 -3.45764e-18 -0.0594199 
1 0 0 -3.95614e-18 -0.0996945 
1 0 0 1.17251e-17 0.0290608 
1 0 0 -4.79487e-18 0.136028 
1 0 0 -6.94707e-18 0.0207257 
1 0 0 -1.22571e-17 -0.0418879 
1 0 0 4.3904e-18 0.0109289 
1 0 0 -5.29912e-18 0.00263843 
1 0 0 -1.22473e-18 0.0147243 
1 0 0 1.75509e-18 -0.0481858 
1 0 0 -9.47764e-18 -0.130319 
1 0 0 -8.09279e-18 0.0388519 
1 0 0.188927 8.91476e-18 0.0190007 
1 0 0 -1.47645e-18 -0.00728806 
1 0 0 1.96993e-17 0.0279773 
1 0 0 -1.27749e-17 0.153161 
1 0 0 1.95489e-17 -0.0305403 
1 0 0 -7.98219e-18 0.0709808 
1 0 0 0 0.0411257 
1 0 0 -1.34066e-17 0.0304146 
1 0 0 1.59692e-17 0.0546002 
1 0 0 9.76719e-18 -0.0387446 
1 0 0 -5.40634e-18 0.119387 
1 0 0 3.34716e-18 -0.0573378 
1 0 0 0 -0.0464423 
1 0 0 -6.85096e-18 -0.00527594 
1 0 0 -6.0862e-19 -0.0704305 
1 0 0 -1.58308e-17 -0.0824178 
1 0 0 -2.38712e-18 -0.0468394 
1 0 0 -4.58374e-18 0.0486148 
1 0 0 8.02785e-18 -0.0446048 
1 0 0 9.3397e-18 -0.11972 
1 0 0.134156 9.67079e-18 0.0728061 
1 0 0 -6.65294e-19 0.0697054 
1 0 0 1.7724e-17 0.00519557 
1 0 0 0 -0.101461 
1 0 -0.191429 0 0.0640591 
1 0 0 1.44487e-17 0.119918 
1 0 0 5.86385e-18 -0.0840774 
1 0 0 -2.32404e-17 -0.0503749 
1 0 0 0 0.0590018 
1 0 0 -2.63244e-18 -0.0891001 
1 0 0.161022 -3.25544e-18 0.0308267 
1 0 0 0 -0.12699 
1 0 0 -6.99144e-18 0.0587181 
1 0 0 6.92676e-18 -0.0704183 
1 0 0 -1.04904e-17 -0.137563 
1 0 0 0 0.0563392 
1 0 0 -2.75263e-18 -0.0448864 
1 0 0 -7.43033e-18 0.0675935 
1 0 0 1.79237e-18 0.0297724 
1 0 0 -6.81369e-18 0.0892717 
1 0 0 3.97312e-17 0.0509097 
1 0 0 -8.76203e-18 0.00348202 
1 0 0 1.02257e-17 0.0124733 
1 0 0 8.62463e-19 0.0215811 
1 0 0 3.17841e-17 -0.120681 
1 0 0 -3.63794e-17 0.0697739 
1 0 0 0 0.102544 
1 0 0 -5.52246e-18 0.117109 
1 0 0 4.41646e-18 0.140551 
1 0 0 0 -0.0333096 
1 0 0 0 -0.0245152 
1 0 0 2.45263e-18 -0.0400674 
1 0 0 -7.46457e-18 -0.0338435 
1 0 0 -7.35798e-18 -0.0657223 
1 0 0 -3.08845e-18 0.0391041 
1 0 0 -6.48285e-19 0.00163842 
1 0 0.199814 -8.73323e-18 0.0488237 
1 0 0 1.24605e-17 -0.0307628 
1 0 0 -6.57532e-18 0.0928335 
1 0 0 1.54511e-18 0.0976021 
1 0 0 -2.17458e-17 -0.0189312 
1 0 0.141645 -5.77837e-18 0.0640796 
1 0 0 -1.15621e-17 -0.0161102 
1 0 -0.186391 0 -0.0864781 
1 0 0 2.36054e-17 -0.0388095 
1 0 0 2.28624e-17 0.121938 
1 0 0 -8.54894e-18 0.0635408 
1 0 0 1.38069e-17 -0.0839882 
1 0 0 -1.4556e-17 0.0324584 
1 0 0.111128 -4.50904e-18 0.119571 
1 0 0 -6.40244e-18 -0.0908778 
1 0 0 -2.17325e-17 0.069826 
1 0 0 -4.98955e-18 0.113991 
1 0 0 -1.9874e-18 0.0440782 
1 0 0 -3.26886e-18 0.0354749 
1 0 0 -1.24895e-17 0.015729 
1 0 0 2.41449e-17 0.027033 
1 0 0 -6.12266e-18 -0.00909026 
1 0 0.0283619 1.00533e-17 -0.0936804 
1 0 0 2.90357e-18 0.0118606 
1 0 0 0 0.00666006 
1 0 0 1.9955e-17 -0.141931 
1 0 0 -1.17515e-18 -0.0273626 
1 0 0 0 0.00105107 
1 0 0 7.6763e-18 0.0545699 
1 0 0 -1.32254e-17 0.152414 
1 0 0 -9.7176e-18 0.0267019 
1 0 -0.0372997 -3.40246e-18 0.0476178 
1 0 0.199624 -3.39016e-18 0.0518698 
1 0 0.0802718 -5.98255e-18 -0.0821833 
1 0 0 -1.76089e-17 0.0209844 
1 0 0 -2.70973e-17 0.0947279 
1 0 0 -2.55003e-17 0.0894516 
1 0 0 5.18736e-18 -0.03368 
1 0 0 1.96358e-17 0.0244974 
1 0 0 -1.37412e-17 0.0155302 
1 0 0 -1.59956e-17 -0.0415836 
1 0 -0.0450033 8.53439e-18 -0.0475443 
1 0 0 -2.38004e-17 0.0109102 
1 0 0 9.42575e-18 0.0937924 
1 0 -0.221523 4.80179e-18 -0.021889 
1 0 -0.141965 -1.18939e-17 -0.0653705 
1 0 0 2.1859e-17 0.0457456 
1 0 0 -1.04174e-17 0.0419471 
1 0 0.199317 -5.96916e-18 -0.0158274 
1 0 0 4.06871e-18 0.0711648 
1 0 0.0415715 -3.67538e-17 0.00724036 
1 0 0 -4.33966e-18 0.113687 
1 0 0 1.27315e-17 0.0110099 
1 0 0 -1.97973e-17 0.0403942 
1 0 0 -1.18945e-17 0.0368741 
1 0 0 1.56347e-17 0.101687 
1 0 0 1.14615e-17 -0.0377256 
1 0 0 6.67034e-18 0.0104324 
1 0 0 3.27473e-18 0.0804676 
1 0 0 1.33372e-17 0.0233779 
1 0 0 -1.78509e-17 0.0488364 
1 0 0 0 0.0350591 
1 0 0 6.76012e-18 -0.0384988 
1 0 0 -1.63071e-17 0.0093914 
1 0 0 1.20897e-17 -0.0820477 
1 0 0 1.39114e-17 -0.00201849 
1 0 0.0197743 1.4845e-17 0.0599317 
1 0 0 -1.02774e-17 0.140411 
1 0 0 -2.22567e-17 0.0673599 
1 0 0 -5.63513e-18 0.0102794 
1 0 0 1.62445e-17 0.0120724 
1 0 0 5.06972e-18 -6.12269e-05 
1 0 0 -3.38039e-18 -0.152156 
1 0 0 -1.52265e-17 0.0952921 
1 0 0 5.0255e-18 -0.094599 
1 0 0 2.13827e-18 0.152567 
1 0 0 0 0.135591 
1 0 0 6.55308e-18 -0.127338 
1 0 0 6.52782e-18 0.0782379 
1 0 0 -6.42998e-18 0.0855013 
1 0 0 -4.54722e-18 -0.0660986 
1 0 0 -2.3109e-18 0.120647 
1 0 0 -3.77846e-18 -0.0535501 
1 0 0 -5.41597e-18 0.0444389 
1 0 0.121259 -8.7506e-18 0.124147 
1 0 0 0 0.0169544 
1 0 0 5.04583e-18 -0.00991963 
1 0 0 -1.11845e-17 -0.018532 
1 0 0 8.88474e-18 -0.00086266 
1 0 0 3.98402e-18 -0.11542 
1 0 0 1.80674e-17 -0.0784706 
1 0 0 9.41941e-18 -0.0320401 
1 0 0 0 -0.0233897 
1 0 0 -3.03241e-18 0.156063 
1 0 0.200993 -4.70327e-18 0.0796211 
1 0 0 0 0.120986 
1 0 0 3.90702e-18 0.137562 
1 0 0 1.05822e-17 8.55924e-06 
1 0 0 -2.67006e-18 -0.0402385 
1 0 0 9.15256e-18 0.10191 
1 0 0 1.45656e-17 -0.00434431 
1 0 0 -1.82913e-18 0.0675701 
1 0 0 1.28729e-17 0.0888184 
1 0 0 4.82896e-18 -0.127981 
1 0 0 -5.00136e-18 -0.10351 
1 0 0 2.37388e-18 -0.0312934 
1 0 0 2.75342e-18 0.0779642 
1 0 0 -1.4526e-18 0.0148519 
1 0 0 5.68945e-18 -0.0268223 
1 0 0 -4.51107e-18 -0.014639 
1 0 0 -6.94631e-18 -0.00795011 
1 0 0 0 0.121877 
1 0 0 -2.50803e-18 0.0598204 
1 0 0 -1.99942e-17 -0.0923167 
1 0 0.0155539 8.88158e-18 -0.0575419 
1 0 0 7.29085e-18 0.0939631 
1 0 0 1.13732e-18 -0.0378096 
1 0 0 -8.90212e-18 -0.111998 
1 0 0 -3.25269e-17 0.0756967 
1 0 0 4.04873e-18 -0.0272851 
1 0 0 -1.25568e-17 -0.00212334 
1 0 0 9.637e-18 -0.0371036 
1 0 0 -5.82264e-18 0.0497302 
1 0 0 5.29001e-18 0.0361272 
1 0 0 -1.86803e-17 -0.137713 
1 0 -0.199164 2.24224e-17 0.0516268 
1 0 0 2.10253e-17 0.0307235 
1 0 0 9.76988e-18 -0.000890047 
1 0 0 1.33987e-17 -0.0619809 
1 0 0 -1.92646e-17 -0.133557 
1 0 0 5.31701e-18 -0.0368362 
1 0 0 0 -0.0155611 
1 0 0 8.45787e-18 -0.046587 
1 0 -0.0462244 2.83621e-18 0.0451568 
1 0 0 1.45135e-17 -0.052571 
1 0 0 -3.2046e-18 -0.0432096 
1 0 0 2.79695e-18 0.104324 
1 0 0 -2.18178e-17 -0.0658972 
1 0 0 3.12455e-18 -0.0161994 
1 0 0 -1.30608e-17 0.0222011 
1 0 -0.139416 1.42273e-18 0.101878 
1 0 0 1.55201e-17 0.044258 
1 0 0 6.19409e-18 0.043403 
1 0 0 1.87376e-17 -0.109576 
1 0 -0.18414 1.91254e-17 0.0950967 
1 0 0 6.53167e-18 0.135262 
1 0 0 -7.06095e-18 0.0771144 
1 0 0 1.67854e-17 0.150591 
1 0 0 -1.36546e-17 -0.112985 
1 0 0 1.50221e-17 0.0840856 
1 0 0 3.70922e-18 -0.097247 
1 0 0 -1.41766e-17 -0.0468098 
1 0 0 4.04037e-18 -0.0252334 
1 0 0 2.63726e-18 0.085187 
1 0 0 9.68434e-18 -0.0226839 
1 0 0 1.80408e-17 -0.0124548 
1 0 0 2.07813e-17 0.105638 
1 0 0 1.06732e-17 0.0894673 
1 0 0 1.28965e-17 0.00367314 
1 0 0 7.92589e-18 0.125333 
1 0 0 4.52476e-18 -0.105714 
1 0 0 0 0.0722627 
1 0 0 -9.58904e-18 -0.0289297 
1 0 0 -1.267e-18 -0.0503269 
1 0 -0.0468135 -1.34002e-17 0.0637082 
1 0 0 8.14474e-19 -6.84958e-05 
1 0 0 2.07007e-18 0.073762 
1 0 0 1.23225e-17 0.0979998 
1 0 0 1.29388e-17 0.0426286 
1 0 0 6.24535e-18 0.00923045 
1 0 0 6.31356e-18 0.0501885 
1 0 0 -1.76958e-17 -0.0463024 
1 0 0 4.63103e-18 0.00419538 
1 0 0 -9.08208e-18 -0.134493 
1 0 0 7.95424e-18 0.0591133 
1 0 0 3.36897e-17 0.0363562 
1 0 0 -9.12096e-18 0.0245691 
1 0 -0.237355 -5.52507e-18 0.058259 
1 0 0 9.52352e-18 -0.0057358 
1 0 0 3.91235e-18 0.0230324 
1 0 0 -1.04686e-18 -0.0255667 
1 0 0 0 0.00781382 
1 0 0 4.62657e-18 0.0450677 
1 0 0 3.692e-18 0.0446417 
1 0 0 -6.25977e-18 -0.0322242 
1 0 0 -1.34652e-17 0.00956559 
1 0 0 7.98349e-18 0.148182 
1 0 0 3.31122e-18 -0.00517598 
1 0 0 -9.9176e-18 0.0682237 
1 0 0 1.44697e-18 0.0909126 
1 0 0 -9.5402e-18 -0.0641575 
1 0 0 0 -0.0589065 
1 0 0 -6.70454e-18 -0.00226138 
1 0 0 1.57401e-18 0.0969637 
1 0 0 -6.62329e-18 0.0251222 
1 0 0 -2.08142e-17 0.0972098 
1 0 0.0360331 4.80634e-18 0.0588999 
1 0 0 3.34101e-17 -0.0539162 
1 0 0.120089 -2.44307e-17 0.0588763 
1 0 0 -2.48593e-18 -0.0597609 
1 0 0 -1.76146e-17 -0.0145676 
1 0 0 -6.54578e-18 0.0234722 
1 0 0 8.73073e-18 0.0773412 
1 0 0.0519335 2.13775e-18 0.0119518 
1 0 0 8.22277e-18 -0.0659664 
1 0 0 -2.42956e-17 0.0100174 
1 0 0.148735 -1.97599e-17 0.0315411 
1 0 0 -2.56546e-18 0.0887768 
1 0 0 6.50509e-18 0.0537555 
1 0 0 1.62781e-18 0.0244358 
1 0 0 3.08043e-18 -0.00136937 
1 0 0 -2.30315e-18 0.00302938 
1 0 0 3.46445e-18 0.0651098 
1 0 0 8.62522e-18 -0.0166025 
1 0 0 -5.36222e-18 0.0682642 
1 0 0 1.24364e-17 -0.0322344 
1 0 0 1.78493e-17 -0.118189 
1 0 0 -8.33168e-18 -0.0434602 
1 0 0 7.85841e-18 -0.0352051 
1 0 0 1.25549e-17 -0.0671798 
1 0 0 2.65727e-17 0.0110087 
1 0 0.192644 1.01198e-17 0.046527 
1 0 0 6.47889e-18 -0.0157459 
1 0 0 2.00968e-17 0.00162051 
1 0 -0.0190878 1.84398e-17 0.00543013 
1 0 0 3.24756e-18 0.0380171 
1 0 0 -8.81024e-18 0.0978193 
1 0 0 1.68665e-17 0.0475064 
1 0 0 1.91997e-17 0.0207063 
1 0 0 -7.74714e-18 0.0831389 
1 0 0 -1.15145e-17 0.109017 
1 0 0 1.27768e-18 0.138484 
1 0 0 2.47441e-17 0.11489 
1 0 0 1.02101e-17 -0.0167989 
1 0 0 8.04514e-18 0.0109759 
1 0 0 1.41001e-17 0.0757868 
1 0 0 -3.38242e-18 0.0608388 
1 0 0.126604 -9.29709e-18 0.0450568 
1 0 0 6.6876e-18 0.0444629 
1 0 0 4.00957e-18 -0.0969469 
1 0 0.110681 9.70274e-18 -0.0651034 
1 0 0 -3.61905e-18 0.0352641 
1 0 0 -1.01602e-19 0.0148484 
1 0 0 -5.72024e-18 0.00111966 
1 0 0 1.8831e-17 0.0939312 
1 0 0 2.69301e-17 -0.109832 
1 0 0 -1.21468e-17 -0.0296906 
1 0 0 8.44193e-19 0.0342391 
1 0 0 -4.53596e-18 -0.0142953 
1 0 0 2.56968e-18 0.0352526 
1 0 0 2.41302e-18 0.0613549 
1 0 0 -1.01119e-17 0.0792 
1 0 0 -2.14792e-17 0.0283415 
1 0 0 1.87921e-17 0.0634886 
1 0 0 -6.4461e-18 -0.0997044 
1 0 0 -6.76104e-18 0.0600768 
1 0 0 -5.6293e-19 0.156544 
1 0 0 2.01317e-18 -0.00828628 
1 0 0 -1.90584e-18 -0.0402446 
1 0 0 3.26031e-18 -0.0445872 
1 0 0 -1.8969e-18 0.12854 
1 0 0 -6.23633e-18 0.091471 
1 0 0 -3.83418e-18 0.153648 
1 0 0 1.07008e-17 -0.0450375 
1 0 0 3.00026e-17 0.0353592 
1 0 0 3.48973e-18 0.104675 
1 0 0 -2.61809e-18 0.0950664 
1 0 0 1.30664e-17 -0.0586013 
1 0 0 1.1962e-17 -0.0259844 
1 0 0 -2.48176e-18 -0.0799831 
1 0 0 -9.54731e-18 0.0698518 
1 0 0 1.4771e-18 0.0803069 
1 0 0 1.35024e-17 -0.00540683 
1 0 0 -5.51128e-18 0.0310912 
1 0 0 0 0.100954 
1 0 0 -9.40601e-18 0.0766456 
1 0 0 -9.25421e-18 0.00202535 
1 0 0 2.99898e-18 -0.058929 
1 0 0 -1.67552e-17 -0.104388 
1 0 0 -4.55675e-18 0.0136891 
1 0 0 1.49848e-17 -0.0754006 
1 0 0 1.00691e-17 -0.0607199 
1 0 0 -1.46948e-17 0.0676936 
1 0 0 -8.99277e-19 -0.0478879 
1 0 0 -1.88624e-17 -0.0263981 
1 0 0 -4.46881e-18 0.119566 
1 0 0 -1.24347e-17 0.00151009 
1 0 0 -6.38753e-18 0.016847 
1 0 0 -4.41232e-18 -0.0203846 
1 0 0.117914 -2.75397e-18 -0.111547 
1 0 0 -4.00438e-18 -0.0122168 
1 0 0 2.30817e-17 0.00959024 
1 0 0 -7.4767e-18 0.0490049 
1 0 0 -8.74646e-18 -0.0106666 
1 0 0 -5.54133e-19 0.0258644 
1 0 0 -1.49664e-17 0.063916 
1 0 0 1.92653e-18 0.068286 
1 0 0 -1.98757e-17 -0.101027 
1 0 0 0 -0.0351413 
1 0 0 6.80424e-18 0.0655119 
1 0 0 9.87935e-18 -0.0336236 
1 0 0 0 -0.0145223 
1 0 0 9.90477e-18 0.0170457 
1 0 0 -1.41817e-18 -0.0628882 
1 0 0 1.637e-17 0.0753734 
1 0 0 1.17772e-17 0.0106108 
1 0 0 3.6621e-18 0.103927 
1 0 0 -6.20959e-18 -0.0215841 
1 0 0.162974 -6.27333e-18 -0.0556895 
1 0 0 2.85116e-18 0.018952 
1 0 0 -2.42403e-17 -0.00909589 
1 0 0 -3.59851e-18 -0.0396428 
1 0 0 1.62257e-17 0.108073 
1 0 0 1.05955e-17 0.0716517 
1 0 0.0371862 -5.01564e-18 -0.0758257 
1 0 0 -5.28655e-18 0.013916 
1 0 0.0932707 0 0.0456015 
1 0 0 2.67505e-18 0.00979807 
1 0 0 -1.56074e-18 -0.0891883 
1 0 0 -1.28611e-17 0.131631 
1 0 0 -2.16554e-17 -0.10942 
1 0 0 2.11145e-17 -0.0632234 
1 0 0 -9.6841e-18 -0.0456771 
1 0 0 2.2607e-17 -0.034401 
1 0 0 -3.89298e-18 0.126534 
1 0 0 -2.93977e-17 0.0156689 
1 0 0 -8.38785e-18 0.0286828 
1 0 0 0 0.0197856 
1 0 0 -6.92122e-18 0.0138057 
1 0 0 -1.47085e-17 -0.0493158 
1 0 0 -7.71913e-18 -0.0414961 
1 0 0 3.00237e-17 0.0897858 
1 0 0 1.5354e-18 0.0198829 
1 0 0 -2.04224e-18 -0.0794151 
1 0 0 1.12913e-17 0.0379668 
1 0 0 9.59681e-18 -0.0771158 
1 0 0 3.42737e-18 -0.0494898 
1 0 0 1.33774e-17 0.0116681 
1 0 0 1.22606e-17 0.106404 
1 0 0 4.90968e-18 0.0872798 
1 0 0 -1.17311e-17 0.0633063 
1 0 0 1.4327e-17 0.0922188 
1 0 0 -8.86899e-19 0.0886053 
1 0 0 1.2999e-17 -0.0670734 
1 0 0 7.91357e-18 -0.0445364 
1 0 0 -1.64825e-17 0.150271 
1 0 0 -2.51664e-18 -0.00679173 
1 0 0 -7.69317e-18 -0.0433298 
1 0 0 -1.24809e-17 0.00072966 
1 0 0 -1.94845e-17 0.0407176 
1 0 0 1.50571e-17 -0.013878 
1 0 0 -5.33227e-18 0.119573 
1 0 -0.00908539 7.45115e-18 0.0084219 
1 0 0 7.74051e-18 -0.0904594 
1 0 0 -2.61852e-17 0.0278327 
1 0 0 1.51743e-17 -0.0970088 
1 0 0 4.17635e-18 0.0871126 
1 0 0 -6.54123e-18 -0.0369729 
1 0 0 3.37158e-18 -0.0797166 
1 0 0 -6.87677e-18 -0.0449561 
1 0 0 5.21623e-18 0.00644473 
1 0 0 -1.76566e-17 -0.0210592 
1 0 0.184907 -5.85295e-18 -0.09709 
1 0 0 8.67987e-18 0.0351381 
1 0 0 5.09779e-19 -0.0173321 
1 0 0 0 0.0712203 
1 0 0 4.41535e-18 0.0327279 
1 0 0 -1.38978e-17 0.0885312 
1 0 0 3.01984e-17 -0.061038 
1 0 0 1.06182e-17 0.115289 
1 0 0 5.02238e-18 -0.0346203 
1 0 0 -2.56805e-17 0.0451512 
1 0 0 3.46173e-17 -0.03569 
1 0 0 -2.24487e-17 0.103251 
1 0 0 -2.33593e-18 -0.0144764 
1 0 0 5.84606e-18 0.0392602 
1 0 0 -1.97409e-17 -0.101694 
1 0 0 2.96436e-17 -0.0593519 
1 0 0 1.85635e-18 0.0497062 
1 0 0 2.54092e-18 -0.00309344 
1 0 0 7.44171e-18 -0.0320045 
1 0 0 0 0.0815628 
1 0 0 3.14842e-18 0.0859817 
1 0 0 -7.38996e-18 0.119208 
1 0 0 1.0726e-17 0.132493 
1 0 0 1.7642e-17 0.0632616 
1 0 0 1.11016e-17 0.0143734 
1 0 0 2.56875e-17 -0.125248 
1 0 0 -8.8748e-18 0.034344 
1 0 0 -2.70683e-18 0.0653704 
1 0 -0.164395 3.73168e-18 -0.044849 
1 0 0 -1.29588e-17 0.0338507 
1 0 0 -5.30073e-18 -0.0856992 
1 0 0 4.14697e-18 0.131457 
1 0 0 3.61322e-17 0.127957 
1 0 0 -3.26701e-18 0.0293456 
1 0 0 9.88349e-18 0.00580722 
1 0 0 -4.60961e-18 -0.00194756 
1 0 0 2.27404e-17 0.107663 
1 0 0 -1.06418e-17 0.0117819 
1 0 0 0 0.0164283 
1 0 0 -1.96869e-17 0.0171014 
1 0 0 -1.50418e-17 -0.045915 
1 0 0 1.88416e-18 -0.0744607 
1 0 0 -1.42873e-17 -0.0819315 
1 0 0 -5.91298e-18 0.037086 
1 0 0 7.90369e-18 0.0870941 
1 0 0 3.09904e-18 -0.0952642 
1 0 0 3.51373e-17 0.0626094 
1 0 0 1.5899e-17 -0.0747333 
1 0 0 -4.82939e-18 0.031517 
1 0 0 -2.85971e-18 0.0910888 
1 0 0 -5.0274e-18 -0.00941757 
1 0 0 0 0.115283 
1 0 0.0381867 -1.55117e-17 0.143422 
1 0 0 0 0.00547148 
1 0 0 -1.86535e-17 0.0709394 
1 0 0 2.469e-18 -0.093757 
1 0 0 1.12465e-17 -0.0632945 
1 0 0 2.66952e-19 0.0301076 
1 0 0 -7.03648e-18 -0.0327815 
1 0 0 -8.03577e-18 0.0910343 
1 0 0 2.28034e-18 0.0428331 
1 0 0.0289123 3.30021e-18 -0.0299382 
1 0 0 -2.89228e-18 0.134301 
1 0 0 -2.04555e-18 0.092994 
1 0 0 6.86639e-18 -0.0332226 
1 0 0 3.89077e-18 0.080281 
1 0 0 2.72741e-17 0.117326 
1 0 -0.0948443 1.50423e-17 0.0389812 
1 0 0 3.27885e-17 -0.0814482 
1 0 0 -8.72094e-18 -0.0179537 
1 0 0 -4.49691e-18 0.0884928 
1 0 0 -1.4921e-17 0.0624072 
1 0 0 -4.3261e-19 0.0695518 
1 0 0 3.07334e-18 0.086328 
1 0 0 -5.03133e-18 0.0138333 
1 0 0 2.02912e-17 0.0487866 
1 0 0 -6.35407e-19 0.110987 
1 0 0 0 -0.0352814 
1 0 0 2.30149e-17 0.00284745 
1 0 0 -3.68309e-18 0.113239 
1 0 0 1.35178e-17 0.0522197 
1 0 0 1.95867e-17 -0.00248735 
1 0 0 -5.37041e-18 0.0250008 
1 0 0 -5.69581e-18 0.0345245 
1 0 0 -6.94596e-18 -0.0136784 
1 0 0.142761 -2.49657e-17 0.106629 
1 0 0 0 0.0420091 
1 0 0 -1.52082e-17 0.0280847 
1 0 0 1.19223e-17 0.0711543 
1 0 0 -8.24348e-18 0.0409746 
1 0 0.124192 -1.52304e-17 -0.0558685 
1 0 0 -1.34825e-17 -0.0807734 
1 0 0 0 0.0271187 
1 0 0 0 -0.109661 
1 0 0 -1.64316e-17 -0.029613 
1 0 0 2.82469e-17 -0.0167867 
1 0 0 6.69177e-18 0.0836472 
1 0 0 -6.14515e-18 0.117046 
1 0 0 -9.8555e-18 0.0319352 
1 0 0 1.80223e-18 0.0640116 
1 0 0 9.7649e-19 0.0337742 
1 0 0 1.97834e-17 0.109119 
1 0 0.147806 -5.70992e-18 0.08235 
1 0 0 -8.43973e-18 0.0432602 
1 0 0 2.51517e-18 -0.0705468 
1 0 0 1.62493e-17 0.0758424 
1 0 0 0 0.0217134 
1 0 0 -8.015e-19 0.046134 
1 0 0.118561 -1.57879e-17 -0.0363996 
1 0 0 1.63656e-18 0.0660392 
1 0 0 -1.54348e-17 0.109854 
1 0 0 -3.4812e-18 -0.132792 
1 0 0 -2.42363e-17 0.0321576 
1 0 0 0 0.13966 
1 0 0 4.3332e-18 0.032338 
1 0 -0.134862 3.88184e-17 0.014307 
1 0 0 7.36354e-18 -0.0481357 
1 0 -0.234588 -1.45732e-17 -0.0285056 
1 0 -0.0153443 -1.35937e-17 0.00127384 
1 0 0 0 0.0799499 
1 0 0 5.92896e-18 -0.0502634 
1 0 0 1.11563e-17 -0.116789 
1 0 0 -3.70825e-17 -0.0947548 
1 0 0 2.15185e-17 0.00191766 
1 0 0 5.36725e-18 0.0335551 
1 0 0 -1.36967e-17 -0.00277282 
1 0 0 -2.64782e-18 -0.0142892 
1 0 0 1.09591e-17 0.100762 
1 0 0.065158 0 -0.00972511 
1 0 0 0 -0.0870074 
1 0 0 -1.79235e-17 0.121942 
1 0 -0.178688 -1.62713e-17 0.0242428 
1 0 -0.217919 -6.44995e-18 0.0818948 
1 0 0 1.22231e-18 0.0948839 
1 0 0 1.91448e-18 -0.00471035 
1 0 0 1.37731e-17 0.0622102 
1 0 0 7.24978e-18 -0.0286351 
1 0 0 4.19836e-18 0.0142948 
1 0 -0.11619 2.54308e-18 0.00838939 
1 0 0 -7.96968e-18 0.0306879 
1 0 0 2.36813e-17 0.0764608 
1 0 -0.21482 2.0561e-17 0.115237 
1 0 0 1.53366e-17 0.0242494 
1 0 0 2.47515e-17 0.0438352 
1 0 0 -9.02534e-18 -0.0292307 
1 0 0 1.21324e-17 -0.0526853 
1 0 0 2.05909e-17 -0.080511 
1 0 0 0 0.0351477 
1 0 0 9.21046e-18 -0.0110659 
1 0 0 3.81985e-17 0.0450521 
1 0 0 1.47786e-17 -0.00872927 
1 0 0 4.58398e-18 0.0463937 
1 0 0 5.66938e-18 0.103494 
1 0 0 2.25413e-17 0.00214614 
1 0 0 -1.09055e-18 0.0443964 
1 0 0 6.64824e-18 -0.0526021 
1 0 0 -5.28116e-18 0.0811004 
1 0 0 -2.16126e-17 -0.0471843 
1 0 0 -3.50059e-18 -0.0166212 
1 0 0 5.00408e-19 0.107271 
1 0 0 -3.15304e-17 -0.018243 
1 0 0 -2.26585e-18 0.0695418 
1 0 0 1.71511e-17 -0.0893878 
1 0 0 -4.25854e-18 -0.00123494 
1 0 0 1.45587e-17 -0.00533001 
1 0 0 1.76241e-18 0.0601812 
1 0 0 -9.75351e-18 0.0476504 
1 0 0 -1.52157e-17 -0.0561624 
1 0 0 -1.30509e-17 0.0691904 
1 0 0 9.9668e-19 -0.0428404 
1 0 0 -2.81213e-18 -0.0965481 
1 0 0 1.08841e-17 0.0275002 
1 0 0.222484 -2.03644e-17 -0.0174801 
1 0 0 -1.13278e-18 -0.123518 
1 0 0 1.86335e-18 -0.0266103 
1 0 0 -5.97772e-18 -0.0896159 
1 0 0 -3.15137e-18 0.0119114 
1 0 0 6.72473e-18 -0.0634279 
1 0 0 -7.85834e-18 0.0640683 
1 0 0 -2.05938e-18 -0.0871854 
1 0 0 1.1651e-17 0.0669243 
1 0 0 8.41468e-18 -0.0856031 
1 0 0 3.9063e-18 0.0145266 
1 0 0 7.80341e-18 0.068347 
1 0 0 -1.59283e-17 0.0136235 
1 0 0 1.86739e-18 0.0395854 
1 0 0 5.31716e-18 0.0148623 
1 0 0 -7.07775e-18 -0.0832092 
1 0 0 -2.33839e-18 0.0741837 
1 0 0 -1.35085e-17 0.000989442 
1 0 0 2.62839e-18 -0.0935674 
1 0 0 -2.02226e-18 0.135419 
1 0 0.212995 -9.21819e-18 0.144911 
1 0 0 -1.04698e-17 -0.10737 
1 0 0 -3.93383e-18 0.0166984 
1 0 0 4.46878e-18 0.0242081 
1 0 0 3.7997e-18 -0.055857 
1 0 0 5.89209e-18 0.0440949 
1 0 0 0 0.0666821 
1 0 0 -4.47409e-18 0.0852549 
1 0 0 -3.68323e-18 0.0843404 
1 0 0 2.42684e-18 -0.0220497 
1 0 0 -2.17341e-18 -0.00160754 
1 0 0 -1.77058e-17 0.0494846 
1 0 0 -8.50063e-18 0.0148967 
1 0 0 -6.88544e-18 -0.122522 
1 0 0.124503 0 0.0388845 
1 0 0 1.11793e-17 -0.100614 
1 0 0 -1.10209e-17 0.0427077 
1 0 0 9.48018e-18 0.0902196 
1 0 0 1.17715e-17 0.0470326 
1 0 0 0 -0.0102519 
1 0 0 -3.13546e-18 0.0143139 
1 0 0 -1.77336e-17 -0.0492366 
1 0 0 5.83049e-18 0.103147 
1 0 0 1.10522e-17 0.00754956 
1 0 0 7.86339e-18 0.0450108 
1 0 -0.00458734 1.43443e-17 -0.0396367 
1 0 -0.20462 1.45243e-18 0.019573 
1 0 0 2.98685e-18 0.0870272 
1 0 0 -1.68674e-17 -0.10844 
1 0 0 -9.08645e-18 -0.0740229 
1 0 0 -1.77189e-17 0.0229117 
1 0 0 7.54029e-18 -0.119619 
1 0 0 0 0.0630222 
1 0 0 -2.06442e-17 -0.0121692 
1 0 0 -4.38232e-18 0.0525124 
1 0 0 7.98754e-18 0.0233313 
1 0 0 6.2629e-18 0.0244245 
1 0 0 8.51919e-19 0.08356 
1 0 0 0 0.109417 
1 0 0 8.50407e-18 0.124494 
1 0 0 1.91637e-18 0.0146505 
1 0 0 1.79772e-17 0.109858 
1 0 0 -3.78159e-18 0.0948911 
1 0 0 6.40878e-18 -0.0265851 
1 0 0 -1.63303e-18 -0.0714678 
1 0 0 -4.92938e-18 0.102976 
1 0 0 1.27207e-17 -0.0163613 
1 0 0 -1.30465e-17 0.0318418 
1 0 0 -2.03682e-19 0.0237953 
1 0 0 -1.6142e-17 0.0791636 
1 0 0 9.192e-18 0.138137 
1 0 0 4.38445e-18 0.00330234 
1 0 0 2.49717e-17 0.111798 
1 0 0 -1.4875e-17 0.0787604 
1 0 0 -2.64751e-18 -0.0267935 
1 0 0 -8.62496e-18 0.0748625 
1 0 0 -1.66476e-17 0.0802289 
1 0 0 -2.64964e-17 -0.0689486 
1 0 0 4.95253e-18 0.110638 
1 0 0 1.4969e-17 0.000192718 
1 0 0 3.50827e-18 0.103922 
1 0 0 -9.05392e-18 0.0386223 
1 0 0 0 -0.0797892 
1 0 0 4.99057e-18 -0.00467915 
1 0 0 -1.03841e-17 0.0727908 
1 0 0 0 0.0184758 
1 0 0 -4.0793e-18 -0.113888 
1 0 0 1.81761e-17 -0.0186065 
1 0 0 -5.88442e-18 -0.105 
1 0 0 4.29327e-18 0.053232 
1 0 0 -2.41051e-17 -0.0655224 
1 0 0 2.23953e-18 0.0408632 
1 0 0 -7.78644e-18 0.0258531 
1 0 0 -1.28206e-18 0.114568 
1 0 0 0 0.0274203 
1 0 0 -6.51044e-18 0.0263683 
1 0 0 4.58444e-18 -0.0467266 
1 0 0 -3.42756e-18 -0.0456393 
1 0 0 9.58439e-18 0.0298562 
1 0 0 -4.68828e-18 -0.00135649 
1 0 0 8.14967e-18 -0.0668615 
1 0 0 -4.01011e-18 0.111895 
1 0 0.058605 1.9357e-17 0.0156982 
1 0 0 -1.20387e-17 0.0742186 
1 0 0 -6.58417e-18 -0.0625175 
1 0 0 0 0.152218 
1 0 0 1.03116e-17 -0.0531345 
1 0 0 -1.01966e-17 0.0463283 
1 0 0 2.00661e-18 -0.0486975 
1 0 0 -1.79761e-17 0.053269 
1 0 0 6.79056e-18 0.103449 
1 0 0 2.94707e-18 -0.118525 
1 0 0 2.58338e-18 -0.0625794 
1 0 0.210214 -6.05258e-18 0.0920891 
1 0 0 -3.14859e-18 0.0581278 
1 0 0 -6.33994e-18 0.00584378 
1 0 0 2.04588e-17 0.0573113 
1 0 0 7.77699e-18 0.109653 
1 0 0 9.59418e-18 0.0490615 
1 0 0 9.20343e-18 0.0227833 
1 0 0 9.58494e-19 -0.0544589 
1 0 0 9.04795e-18 0.0983567 
1 0 0 1.88718e-17 0.0204742 
1 0 0 -2.45118e-17 0.0530289 
1 0 0 -2.49173e-17 0.00192701 
1 0 0 1.1093e-17 -0.00141518 
1 0 0 -1.09482e-17 -0.087539 
1 0 0 1.83566e-18 -0.0639738 
1 0 0 -8.54731e-18 -0.0427083 
1 0 0 5.89487e-19 0.0271534 
1 0 0 9.15008e-18 0.0203756 
1 0 0 2.65586e-18 0.0321312 
1 0 0.0421579 -1.37684e-17 0.0177659 
1 0 0 1.63841e-18 -0.00177064 
1 0 0 -9.50579e-18 -0.0561605 
1 0 0.17326 -1.87133e-18 0.0435706 
1 0 0 -1.1947e-17 0.101346 
1 0 0 1.14857e-17 0.0471233 
1 0 0 -1.35638e-17 0.125234 
1 0 0 8.5424e-19 0.0218796 
1 0 0 0 0.0828773 
1 0 0 0 -0.0450606 
1 0 0 -4.84206e-18 0.0912056 
1 0 0 -7.47729e-18 0.0626828 
1 0 0 1.53532e-17 -0.0533655 
1 0 0 1.52587e-17 -0.0462062 
1 0 0 -1.51426e-17 0.0195268 
1 0 0 -1.52483e-17 -0.0151473 
1 0 0 1.46488e-17 0.0516751 
1 0 0 -9.72337e-18 0.108124 
1 0 0 8.91155e-18 0.0786726 
1 0 0 -2.21965e-17 0.0138037 
1 0 0 -6.26103e-18 -0.0277803 
1 0 0 1.96134e-18 0.0905817 
1 0 0 0 0.000183922 
1 0 0 -1.01277e-18 -0.0196863 
1 0 0 9.37921e-19 -0.0385075 
1 0 0 -3.50849e-18 -0.0404038 
1 0 0.0347666 1.08319e-17 0.0749105 
1 0 0 -2.49654e-18 0.0565307 
1 0 0 -2.51315e-17 0.00349905 
1 0 0 1.70791e-17 -0.00563524 
1 0 0 -6.32962e-18 0.132849 
1 0 0 -9.65554e-19 -0.00874916 
1 0 0 0 0.0650083 
1 0 0 -9.70262e-18 0.0433949 
1 0 0 -2.15719e-17 -0.103947 
1 0 0 -5.02413e-18 0.0409365 
1 0 0 3.02173e-18 0.100594 
1 0 0 4.82848e-18 0.109092 
1 0 0 3.83817e-18 0.0973416 
1 0 0 2.32588e-17 -0.134467 
1 0 0 0 -0.0343068 
1 0 0 0 -0.0982714 
1 0 0 1.69939e-17 -0.0268784 
1 0 0 7.00578e-18 0.0712754 
1 0 0 2.52088e-18 0.0775335 
1 0 0 -7.71917e-18 -0.0236315 
1 0 0 -4.1135e-17 0.0744452 
1 0 0 1.10536e-17 -0.0177192 
1 0 0 -4.34433e-18 0.00717666 
1 0 0 -1.12857e-18 0.0988556 
1 0 0 1.55312e-17 -0.0467997 
1 0 0 -2.56795e-18 -0.102395 
1 0 0 2.63496e-17 -0.05285 
1 0 0 5.56049e-18 0.0261151 
1 0 0 -7.0796e-18 0.0698597 
1 0 0 0 0.114591 
1 0 0 1.17637e-17 0.11472 
1 0 0 1.59887e-17 0.0581454 
1 0 0 5.31205e-18 0.0979467 
1 0 0 -1.31581e-17 0.045802 
1 0 0 1.67597e-17 -0.0633366 
1 0 -0.122939 -5.13003e-18 0.0977758 
1 0 0 -2.18143e-18 -0.0781732 
1 0 0 -1.4099e-17 0.0565675 
1 0 0.0288901 1.43604e-18 0.101839 
1 0 0 -1.78639e-17 -0.0437171 
1 0 0 -2.08275e-17 -0.0151323 
1 0 0 0 -0.00332299 
1 0 0 3.98241e-19 -0.118066 
1 0 0 -6.01509e-18 -0.0371765 
1 0 0 -1.43661e-17 -0.091993 
1 0 0 -1.13056e-17 0.0450302 
1 0 0 2.05451e-17 -0.0204028 
1 0 0 1.81677e-17 0.0530387 
1 0 0 -1.25998e-17 -0.0769871 
1 0 0 1.53018e-17 -0.0486761 
1 0 0 -4.10898e-18 0.082659 
1 0 0 5.11631e-18 0.0462673 
1 0 0 -1.08405e-17 -0.13466 
1 0 0 1.62038e-17 0.00068292 
1 0 0 6.2473e-19 0.0386705 
1 0 0 2.42335e-17 -0.0852642 
1 0 0 2.41893e-17 0.00728022 
1 0 0 1.39543e-17 0.042549 
1 0 0 2.09828e-18 0.0083006 
1 0 0 2.55677e-18 -0.103078 
1 0 -0.178226 3.31961e-17 0.12665 
1 0 0 -5.83245e-18 0.0817414 
1 0 0 -1.38561e-17 0.113535 
1 0 0 -9.6136e-19 0.127011 
1 0 0 -1.9883e-18 0.058375 
1 0 0 -7.99935e-19 0.0660518 
1 0 0 -1.64671e-17 -0.139619 
1 0 0 -3.47244e-18 0.0493881 
1 0 0 -6.85758e-18 0.049069 
1 0 0 3.73322e-18 0.0995238 
1 0 0 0 0.0823957 
1 0 0 7.03664e-18 0.115234 
1 0 0 1.26185e-17 0.0663912 
1 0 0 -6.45403e-18 0.0094925 
1 0 0 -1.44055e-17 0.0175429 
1 0 0 1.00118e-17 0.0865949 
1 0 0 -9.22764e-18 -0.0196095 
1 0 0 -1.46291e-17 -0.101492 
1 0 0 0 0.0405729 
1 0 0 2.40052e-19 0.0125435 
1 0 0 1.07286e-17 0.00833098 
1 0 0 -2.86965e-17 -0.00919438 
1 0 0 -3.92101e-18 -0.0938099 
1 0 0 4.10027e-18 -0.112162 
1 0 0 0 0.0839693 
1 0 0 1.3534e-17 -0.0788055 
1 0 0.191013 1.55559e-17 0.0924672 
1 0 0 -9.32388e-18 -0.0190184 
1 0 -0.163026 7.27671e-18 0.0231149 
1 0 0 -1.96249e-17 0.0962784 
1 0 0 -4.40075e-18 -0.0547016 
1 0 0 -1.21906e-17 0.0827024 
1 0 0 9.97846e-18 -0.0226432 
1 0 -0.0900924 -1.49259e-17 -0.10458 
1 0 0 -1.58916e-17 -0.0111272 
1 0 0 0 -0.0409355 
1 0 -0.0921375 -1.5415e-17 0.0694196 
1 0 0 -2.05923e-18 0.0231579 
1 0 0.0126166 4.00059e-18 0.00290624 
1 0 0 -5.62607e-18 -0.0382028 
1 0 0 -2.91271e-19 0.0156755 
1 0 0 -8.69652e-18 -0.0952637 
1 0 0 2.58373e-18 0.0823273 
1 0 0 5.16148e-18 -0.0589947 
1 0 0 0 0.0951187 
1 0 0 -2.10262e-17 -0.0596633 
1 0 0 9.47252e-19 -0.11865 
1 0 0.0498529 1.27101e-17 0.10276 
1 0 0 -2.11183e-17 -0.0272776 
1 0 0 2.22275e-18 -0.0485548 
1 0 0 3.73243e-18 0.0252507 
1 0 0 1.12352e-17 0.0867363 
1 0 0 4.23369e-18 0.0557589 
1 0 0 -9.91115e-18 0.00478328 
1 0 0 -3.0173e-17 0.0344146 
1 0 0 -1.8742e-18 0.015446 
1 0 0 0 -0.0200468 
1 0 0 1.57555e-17 -0.119961 
1 0 0 -1.20559e-18 0.126089 
1 0 -0.179229 -1.05797e-17 -0.0949054 
1 0 0.099095 -2.01917e-17 0.094903 
1 0 0 -6.18128e-18 0.0273191 
1 0 0 0 0.122359 
1 0 0 8.53426e-19 0.136754 
1 0 0 -4.70721e-18 -0.0328562 
1 0 -0.0559794 -1.54542e-17 0.0164331 
1 0 -0.0675457 -1.15358e-17 -0.0185133 
1 0 0 4.25852e-18 0.0701665 
1 0 0 7.14416e-18 0.00911655 
1 0 0.196651 -5.99665e-19 0.063171 
1 0 0 1.18341e-19 0.0869423 
1 0 0 3.11652e-18 0.0552465 
1 0 0 -7.91999e-19 0.0666305 
1 0 0 1.43165e-17 0.0406978 
1 0 0 -1.12767e-17 -0.0433191 
1 0 0 0 0.135282 
1 0 0 -1.18201e-17 0.0283263 
1 0 0 -4.14909e-18 0.102775 
1 0 0 0 -0.107789 
1 0 0 2.24966e-17 0.0658466 
1 0 0 0 -0.0126652 
1 0 0 -4.49738e-18 0.0372732 
1 0 0 2.13114e-17 -0.0226498 
1 0 0 1.3486e-17 -0.0235024 
1 0 0 -1.65681e-17 0.089704 
1 0 0 -4.94177e-18 0.061947 
1 0 0 2.05308e-18 0.0384762 
1 0 0 4.12645e-17 -0.0891665 
1 0 0.151676 1.48841e-17 0.0628792 
1 0 -0.110468 -1.86264e-17 0.118483 
1 0 0 -2.11301e-17 0.0473913 
1 0 0 1.25099e-17 0.0382871 
1 0 0 -4.42954e-18 0.0920158 
1 0 0 1.92704e-17 0.0380065 
1 0 0 1.36444e-17 0.0231177 
1 0 0 -1.93783e-17 0.0425332 
1 0 -0.118995 -1.1376e-18 0.118087 
1 0 0 -1.441e-17 0.010242 
1 0 0 -9.49072e-19 0.0122535 
1 0 0 4.55555e-18 0.0729733 
1 0 0 1.46191e-17 0.0928559 
1 0 0 -8.8779e-18 0.128878 
1 0 0 -1.16999e-17 0.093604 
1 0 0 4.10507e-18 0.088582 
1 0 0 1.43546e-17 0.0735807 
1 0 0 1.43318e-18 0.112416 
1 0 0 -3.26747e-18 0.11886 
1 0 0 -1.31237e-17 0.0634251 
1 0 0 0 0.0563215 
1 0 0 5.07632e-18 0.128344 
1 0 0 9.6454e-18 0.103836 
1 0 0 0 0.113917 
1 0 0 -1.36995e-17 0.0985921 
1 0 0 -1.48002e-17 0.0307919 
1 0 0 1.5148e-17 0.0692729 
1 0 0 8.0042e-18 0.117191 
1 0 0 3.24157e-18 0.110215 
1 0 0 1.66416e-18 0.0472107 
1 0 0 -1.64871e-18 0.103303 
1 0 0 0 0.130687 
1 0 0 5.73668e-19 0.091603 
1 0 0 -4.41712e-18 0.131306 
1 0 0 1.23267e-17 0.111488 
1 0 -0.0551564 1.90276e-18 0.0787331 
1 0 0 8.36251e-18 0.0970467 
1 0 0 1.38057e-17 0.0897433 
1 0 0 2.32987e-18 0.0768389 
1 0 0 -4.52444e-18 0.12229 
1 0 0 -9.35741e-18 0.0751027 
1 0 0 7.10768e-18 0.116472 
1 0 0 0 0.127819 
1 0 0 1.06249e-17 0.128367 
1 0 0 4.05721e-18 0.0709541 
1 0 0 -3.57832e-18 0.113006 
1 0 0 0 0.111673 
1 0 0 -6.47123e-18 0.0763159 
1 0 0 1.60043e-17 0.065407 
1 0 0 6.84417e-18 0.0911217 
1 0 0 0 0.0887793 
1 0 0 -5.06332e-18 0.0291862 
1 0 0 -7.5816e-18 0.0895362 
1 0 0 5.38168e-18 0.117531 
1 0 0 7.6443e-18 0.0625972 
1 0 0 -4.61976e-18 0.107418 
1 0 0 -1.86451e-17 0.0846659 
1 0 0 -3.1654e-18 -0.00676354 
1 0 0 -2.05483e-17 0.0911482 
1 0 0 6.02273e-18 0.125256 
1 0 0 0 0.086631 
1 0 0 6.96322e-18 0.0535228 
1 0 0 2.00996e-17 0.0969094 
1 0 0 -3.57299e-17 0.0737662 
1 0 0 6.70682e-18 0.0145812 
1 0 0 -4.7467e-18 0.133143 
1 0 0 -7.72843e-19 -0.125442 
1 0 0 -6.49198e-18 0.10095 
1 0 0 -8.16255e-18 0.0399307 
1 0 0 1.67644e-17 0.00833485 
1 0 0 1.8005e-18 0.0504792 
1 0 0 0 0.122548 
1 0 0 4.13351e-18 0.105125 
1 0 0 -1.38271e-17 -0.140574 
1 0 0 5.65214e-18 0.041564 
1 0 0 -3.96198e-18 0.0875247 
1 0 0 5.1449e-19 0.0981738 
1 0 0 -1.3581e-17 0.10919 
1 0 0 8.05115e-18 0.0590192 
1 0 0 -3.07475e-18 0.084526 
1 0 0 -3.47096e-18 0.0877288 
1 0 0 8.39177e-18 0.0526172 
1 0 0 -1.82053e-17 -0.0061254 
1 0 0 -1.14417e-17 0.115417 
1 0 0 -7.69994e-18 0.112379 
1 0 0 -1.02486e-17 -0.0958667 
1 0 0 1.84475e-17 0.0272872 
1 0 0 1.08748e-17 0.0302746 
1 0 0 -3.66032e-18 0.102536 
1 0 0 7.10755e-18 0.123668 
1 0 0 -8.74736e-18 0.00608646 
1 0 0 -2.15496e-18 0.138229 
1 0 0 -8.38136e-18 0.0286483 
1 0 0 4.5065e-18 0.114728 
1 0 0 5.85798e-18 0.11401 
1 0 0 1.83129e-18 -0.0535392 
1 0 0 -1.62833e-17 0.135401 
1 0 0 0 0.123566 
1 0 0 0 0.119168 
1 0 0 -5.96851e-18 0.00767736 
1 0 0 -1.13438e-17 -0.030755 
1 0 0 -1.20237e-17 0.100048 
1 0 0 -6.90844e-19 0.117692 
1 0 0 -1.04953e-17 0.073439 
1 0 0 5.05879e-18 0.0591122 
1 0 0 0 0.126789 
1 0 0 -1.2693e-17 0.0725388 
1 0 0 -6.82709e-18 0.122658 
1 0 0 -2.7364e-17 0.104828 
1 0 0 -1.34597e-17 0.0959512 
1 0 0 6.6553e-18 0.00592852 
1 0 0 0 -0.0274693 
1 0 0 1.4565e-17 0.141332 
1 0 0 -2.00797e-17 0.022307 
1 0 0 2.13469e-18 0.0620368 
1 0 0 -1.21187e-17 0.0585905 
1 0 0 1.12639e-17 0.110826 
1 0 0 -2.20886e-17 0.0750739 
1 0 0 4.93917e-18 0.0697095 
1 0 0 -1.24396e-17 0.115837 
1 0 0 6.40672e-18 0.0958904 
1 0 0 -2.35693e-17 0.0783659 
1 0 0 0 0.00794014 
1 0 0 0 0.0914063 
1 0 0 2.62895e-18 0.104344 
1 0 0 0 0.00300617 
1 0 0 -6.47409e-18 0.0470856 
1 0 0 -2.99618e-18 0.0968431 
1 0 0 0 0.119071 
1 0 0 8.22067e-18 0.144202 
1 0 0 -1.2892e-17 0.0688996 
1 0 0 0 0.133074 
1 0 0 -1.49205e-17 0.0651023 
1 0 0 -8.7595e-18 0.0647653 
1 0 0 2.16528e-17 0.136878 
1 0 0 -3.23064e-17 0.0588065 
1 0 0 0 0.0109796 
1 0 0 9.75649e-18 0.00158507 
1 0 0 -1.0319e-17 0.0989558 
1 0 0 1.83844e-18 0.0968894 
1 0 0 -2.19744e-18 0.101627 
1 0 0 -1.2493e-18 0.106628 
1 0 0 -3.05277e-17 -0.00120374 
1 0 0 -1.33662e-17 0.0526044 
1 0 0 -4.60041e-18 0.120376 
1 0 0 -2.86462e-18 -0.00253196 
1 0 0 4.6685e-18 -0.0515711 
1 0 0 0 0.136007 
1 0 0 1.10385e-18 0.126655 
1 0 0 0 0.0390141 
1 0 0 0 0.0663096 
1 0 0 1.3685e-18 -0.00730362 
1 0 0 1.16412e-17 0.0552676 
1 0 0 0 0.0943038 
1 0 0 -3.34112e-18 0.070334 
1 0 0 0 -0.0263977 
1 0 0 5.98804e-18 0.0827761 
1 0 0 -1.8429e-17 0.0533412 
1 0 0 -2.42335e-17 0.0437576 
1 0 0 5.7684e-19 0.0592775 
1 0 0 -2.6667e-18 0.01846 
1 0 0 1.21212e-17 -0.0130826 
1 0 0 -1.39345e-17 -0.0978445 
1 0 0 2.59344e-17 0.109678 
1 0 -0.0410587 -8.67522e-18 0.0890523 
1 0 0 -2.05868e-17 -0.108621 
1 0 0 1.65053e-18 -0.0773558 
1 0 0 3.13767e-18 -0.0613005 
1 0 0 3.64064e-18 0.0910306 
1 0 0 8.68671e-18 0.0910102 
1 0 0 -2.32159e-17 0.107871 
1 0 0 0 -0.018394 
1 0 0 2.91156e-18 0.0859809 
1 0 0 1.76456e-18 0.0413755 
1 0 0 -3.48893e-18 0.0722876 
1 0 0 0 -0.0938041 
1 0 0 -8.56689e-18 -0.0190543 
1 0 0 1.41957e-17 -0.00190717 
1 0 0 -8.07105e-19 0.109811 
1 0 0 -8.94649e-18 0.0999731 
1 0 0 1.18391e-17 -0.00789802 
1 0 0 -7.71605e-18 0.00556853 
1 0 0 -1.51889e-17 -0.0148639 
1 0 0 0 0.0297948 
1 0 0 -2.582e-18 0.0772178 
1 0 0.208565 1.47994e-17 -0.111721 
1 0 0 -1.49091e-17 -0.051595 
1 0 0 -1.26234e-18 0.121384 
1 0 0 -1.21197e-17 0.0133114 
1 0 0 -3.06838e-18 0.0610529 
1 0 0 0 0.0564236 
1 0 0 -1.5298e-18 0.0746214 
1 0 0 -1.67415e-18 0.0571352 
1 0 0 -2.86078e-18 0.012813 
1 0 0 -6.3878e-18 -0.0569109 
1 0 0 1.02181e-18 0.0541305 
1 0 0 0 0.0811871 
1 0 0 0 -0.00398304 
1 0 0 -2.6102e-17 -0.0958521 
1 0 0 -4.72606e-18 -0.0059166 
1 0 0 0 0.0310366 
1 0 0 -1.43303e-17 0.0612125 
1 0 0 -2.10326e-17 0.0707192 
1 0 0 -3.27395e-18 0.0527957 
1 0 0 2.25515e-17 -0.103279 
1 0 0 3.11609e-18 -0.0410544 
1 0 0 0 0.0981995 
1 0 0.176792 -4.88632e-18 -0.0954201 
1 0 0 9.67343e-18 -0.0768152 
1 0 0 3.09734e-18 0.116922 
1 0 0 2.47457e-18 0.0573203 
1 0 0 4.7296e-18 -0.0331892 
1 0 0 3.31703e-18 0.103151 
1 0 0 -2.06365e-17 -0.024701 
1 0 0 8.49488e-18 0.115956 
1 0 0 6.74661e-18 0.0913117 
1 0 0 7.08948e-18 0.0217199 
1 0 0.0999683 0 0.0806138 
1 0 0 -1.68643e-17 0.138614 
1 0 0 6.4741e-18 -0.117612 
1 0 0 -1.83974e-17 0.135927 
1 0 0 -2.13549e-18 0.029953 
1 0 0 -4.94105e-18 -0.0193999 
1 0 0 -1.17609e-17 0.0557206 
1 0 0 2.20324e-18 0.0813346 
1 0 0 4.49407e-18 0.012493 
1 0 0 -8.81777e-18 -0.0483476 
1 0 0 0 -0.0102371 
1 0 0 -2.09589e-17 0.00747559 
1 0 0 4.98697e-18 0.0333555 
1 0 0 -1.3544e-17 0.00473131 
1 0 0 7.47806e-18 0.0520247 
1 0 0 -6.37261e-19 0.117909 
1 0 0 -5.14241e-19 0.101954 
1 0 0 7.67011e-19 -0.0467422 
1 0 0 -1.46401e-19 0.13303 
1 0 0 1.9905e-18 0.0764892 
1 0 0 -6.15827e-18 -0.0659947 
1 0 0 1.76779e-17 -0.069605 
1 0 0 2.33057e-17 0.110434 
1 0 0 0 0.154493 
1 0 0 1.84594e-17 0.0637732 
1 0 0 0 0.0254041 
1 0 0 -1.37799e-17 0.0226858 
1 0 0 5.55841e-18 0.0158625 
1 0 0 -1.56782e-18 0.0173444 
1 0 0 -9.86149e-18 0.0219212 
1 0 0 0 0.0173821 
1 0 0 -4.71358e-19 0.103002 
1 0 0 1.71124e-17 -0.105356 
1 0 0 0 -0.011352 
1 0 0 -2.73572e-18 0.0194281 
1 0 0 -1.55233e-17 0.0903406 
1 0 0 5.66427e-18 -0.0359023 
1 0 0 0 0.123142 
1 0 0 -7.34588e-19 -0.0708339 
1 0 0 1.20721e-18 0.00530032 
1 0 0 0 -0.032278 
1 0 0 1.35759e-17 0.0551383 
1 0 0 -5.04117e-18 0.105564 
1 0 0 7.13388e-18 0.107482 
1 0 0 8.94761e-19 0.115595 
1 0 0 -1.08858e-17 -0.0237142 
